,Year,Season,Player,Pos,Age,Tm,G,GS,TOV,PF,PTS
0,1993,regular,Alaa Abdelnaby,Power Forward,25,BOS,13,0,1.3,1.5,4.9
1,1993,regular,Mahmoud Abdul-Rauf,Point Guard,24,DEN,80,78,1.9,1.9,18.0
2,1993,regular,Michael Adams,Point Guard,31,WSB,70,67,2.4,2.0,12.1
3,1993,regular,Mark Aguirre,Small Forward,34,LAC,39,0,1.8,2.5,10.6
4,1993,regular,Danny Ainge,Shooting Guard,34,PHO,68,1,1.2,2.1,8.9
5,1993,regular,Gary Alexander,Power Forward,24,TOT,11,0,0.7,0.9,1.7
8,1993,regular,Victor Alexander,Center,24,GSW,69,39,1.2,2.4,8.7
9,1993,regular,Eric Anderson,Power Forward,23,NYK,11,0,0.2,0.8,1.9
10,1993,regular,Greg Anderson,Power Forward,29,DET,77,47,1.2,3.0,6.4
11,1993,regular,Kenny Anderson,Point Guard,23,NJN,82,82,3.2,2.5,18.8
12,1993,regular,Nick Anderson,Shooting Guard,26,ORL,81,81,2.0,1.8,15.8
13,1993,regular,Ron Anderson,Small Forward,35,TOT,21,2,0.5,0.8,4.6
16,1993,regular,Willie Anderson,Shooting Guard,27,SAS,80,79,1.9,2.3,11.9
17,1993,regular,Greg Anthony,Point Guard,26,NYK,80,36,1.6,2.0,7.9
18,1993,regular,B.J. Armstrong,Point Guard,26,CHI,82,82,1.6,1.8,14.8
19,1993,regular,Vincent Askew,Shooting Guard,27,SEA,80,3,0.9,1.8,9.1
20,1993,regular,Keith Askins,Small Forward,26,MIA,37,0,0.6,1.5,2.3
21,1993,regular,Stacey Augmon,Shooting Guard,25,ATL,82,82,1.8,2.2,14.8
22,1993,regular,Isaac Austin,Center,24,PHI,14,0,1.2,2.1,5.1
23,1993,regular,Anthony Avent,Power Forward,24,TOT,74,40,1.1,2.0,5.3
26,1993,regular,John Bagley,Point Guard,33,ATL,3,0,0.0,0.7,0.7
27,1993,regular,Thurl Bailey,Power Forward,32,MIN,79,3,0.7,1.2,7.4
28,1993,regular,Vin Baker,Center,22,MIL,82,63,2.0,2.8,13.5
29,1993,regular,Charles Barkley*,Power Forward,30,PHO,65,65,3.2,2.5,21.6
30,1993,regular,Dana Barros,Point Guard,26,PHI,81,70,2.1,1.2,13.3
31,1993,regular,Jon Barry,Shooting Guard,24,MIL,72,7,1.2,1.5,6.2
32,1993,regular,John Battle,Shooting Guard,31,CLE,51,1,0.8,1.3,6.6
33,1993,regular,Benoit Benjamin,Center,29,NJN,77,74,1.3,2.6,9.3
34,1993,regular,Tony Bennett,Point Guard,24,CHH,74,5,0.5,1.1,3.4
35,1993,regular,David Benoit,Small Forward,25,UTA,55,18,0.7,2.1,6.5
36,1993,regular,Rolando Blackman,Shooting Guard,34,NYK,55,1,0.8,1.8,7.3
37,1993,regular,Mookie Blaylock,Point Guard,26,ATL,81,81,2.4,1.8,13.8
38,1993,regular,Corie Blount,Power Forward,25,CHI,67,8,0.8,1.4,3.0
39,1993,regular,Muggsy Bogues,Point Guard,29,CHH,77,77,2.2,1.9,10.8
40,1993,regular,Manute Bol,Center,31,TOT,14,0,0.4,0.9,0.6
44,1993,regular,Walter Bond,Shooting Guard,24,UTA,56,4,0.3,1.6,3.1
45,1993,regular,Anthony Bonner,Small Forward,25,NYK,73,38,1.2,2.4,5.1
46,1993,regular,Anthony Bowie,Shooting Guard,30,ORL,70,0,0.8,1.2,4.6
47,1993,regular,Sam Bowie,Center,32,LAL,25,7,1.7,2.6,8.9
48,1993,regular,Shawn Bradley,Center,21,PHI,49,45,3.0,3.5,10.3
49,1993,regular,Terrell Brandon,Point Guard,23,CLE,73,10,1.5,1.5,8.3
50,1993,regular,Randy Breuer,Center,33,SAC,26,3,0.3,1.2,0.7
51,1993,regular,Frank Brickowski,Center,34,TOT,71,46,2.5,3.4,13.2
54,1993,regular,Kevin Brooks,Small Forward,24,DEN,34,0,0.4,0.6,2.5
55,1993,regular,Scott Brooks,Point Guard,28,HOU,73,0,0.8,1.3,5.2
56,1993,regular,Chucky Brown,Small Forward,25,DAL,1,0,0.0,2.0,3.0
57,1993,regular,Dee Brown,Shooting Guard,25,BOS,77,76,1.6,2.7,15.5
58,1993,regular,Mike Brown,Center,30,MIN,82,40,0.9,2.7,3.6
59,1993,regular,P.J. Brown,Center,24,NJN,79,54,0.9,2.2,5.7
60,1993,regular,Randy Brown,Point Guard,25,SAC,61,2,1.2,2.2,4.5
61,1993,regular,Mark Bryant,Center,28,POR,79,10,0.8,2.4,5.6
62,1993,regular,Jud Buechler,Small Forward,25,GSW,36,0,0.3,0.7,2.9
63,1993,regular,Matt Bullard,Power Forward,26,HOU,65,0,0.4,1.0,3.5
64,1993,regular,Evers Burns,Power Forward,22,SAC,23,0,0.3,1.4,2.4
65,1993,regular,Scott Burrell,Small Forward,23,CHH,51,16,0.9,1.7,4.8
66,1993,regular,Willie Burton,Small Forward,25,MIA,53,1,1.0,1.8,7.0
67,1993,regular,Mitchell Butler,Shooting Guard,23,WSB,75,19,1.2,1.7,6.9
68,1993,regular,Michael Cage,Center,32,SEA,82,42,0.6,2.2,4.6
69,1993,regular,Elden Campbell,Power Forward,25,LAL,76,74,1.3,3.2,12.3
70,1993,regular,Tony Campbell,Small Forward,31,TOT,63,14,1.3,2.1,8.8
73,1993,regular,Antoine Carr,Power Forward,32,SAS,34,0,0.4,2.2,5.8
74,1993,regular,Bill Cartwright,Center,36,CHI,42,41,1.2,2.0,5.6
75,1993,regular,Sam Cassell,Point Guard,24,HOU,66,6,1.4,2.1,6.7
76,1993,regular,Duane Causwell,Center,25,SAC,41,8,0.8,2.7,4.4
77,1993,regular,Cedric Ceballos,Small Forward,24,PHO,53,43,1.8,2.3,19.1
78,1993,regular,Tom Chambers,Power Forward,34,UTA,80,0,1.1,2.9,11.2
79,1993,regular,Rex Chapman,Shooting Guard,26,WSB,60,59,2.0,1.4,18.2
80,1993,regular,Calbert Cheaney,Shooting Guard,22,WSB,65,21,1.7,2.3,12.0
81,1993,regular,Pete Chilcutt,Power Forward,25,TOT,76,24,1.0,2.2,5.9
84,1993,regular,Doug Christie,Shooting Guard,23,LAL,65,34,2.2,2.9,10.3
85,1993,regular,Ben Coleman,Power Forward,32,DET,9,0,0.8,1.0,3.1
86,1993,regular,Derrick Coleman,Power Forward,26,NJN,77,77,2.7,2.7,20.2
87,1993,regular,Bimbo Coles,Point Guard,25,MIA,76,4,1.4,1.7,7.7
88,1993,regular,Marty Conlon,Center,26,TOT,30,9,1.1,2.3,7.8
91,1993,regular,Lester Conner,Point Guard,34,IND,11,0,0.8,1.1,2.8
92,1993,regular,Anthony Cook,Power Forward,26,TOT,25,0,0.5,0.9,2.5
95,1993,regular,Duane Cooper,Point Guard,24,PHO,23,2,0.9,0.5,2.1
96,1993,regular,Tyrone Corbin,Small Forward,31,UTA,82,17,1.1,2.6,8.0
97,1993,regular,Chris Corchiani,Point Guard,25,BOS,51,0,0.7,0.9,2.3
98,1993,regular,Joe Courtney,Power Forward,24,TOT,52,1,0.4,0.8,3.2
101,1993,regular,John Crotty,Point Guard,24,UTA,45,0,0.6,0.8,2.9
102,1993,regular,Terry Cummings,Power Forward,32,SAS,59,29,1.0,2.3,7.3
103,1993,regular,Earl Cureton,Power Forward,36,HOU,2,0,0.5,2.0,2.0
104,1993,regular,Dell Curry,Shooting Guard,29,CHH,82,0,1.5,2.0,16.3
105,1993,regular,Michael Curry,Shooting Guard,25,PHI,10,0,0.3,0.6,0.9
106,1993,regular,Lloyd Daniels,Shooting Guard,26,SAS,65,5,0.9,1.1,5.7
107,1993,regular,Brad Daugherty,Center,28,CLE,50,50,2.2,2.9,17.0
108,1993,regular,Antonio Davis,Power Forward,25,IND,81,4,1.3,2.3,7.7
109,1993,regular,Brian Davis,Small Forward,23,MIN,68,3,0.3,0.5,1.9
110,1993,regular,Dale Davis,Power Forward,24,IND,66,64,1.5,3.2,11.7
111,1993,regular,Hubert Davis,Shooting Guard,23,NYK,56,27,1.4,2.1,11.0
112,1993,regular,Terry Davis,Power Forward,26,DAL,15,5,0.3,1.8,3.7
113,1993,regular,Johnny Dawkins,Point Guard,30,PHI,72,12,1.5,1.0,6.6
114,1993,regular,Todd Day,Shooting Guard,24,MIL,76,39,1.7,2.9,12.7
115,1993,regular,Terry Dehere,Point Guard,22,LAC,64,6,1.0,1.1,5.3
116,1993,regular,Vinny Del Negro,Shooting Guard,27,SAS,77,56,1.3,2.2,10.0
117,1993,regular,Bison Dele,Center,24,DEN,80,1,1.3,2.8,8.0
118,1993,regular,Dell Demps,Point Guard,23,GSW,2,0,0.5,0.5,2.0
119,1993,regular,Vlade Divac*,Center,25,LAL,79,73,2.4,3.6,14.2
120,1993,regular,Sherman Douglas,Point Guard,27,BOS,78,78,3.0,2.2,13.3
121,1993,regular,Greg Dreiling,Center,31,DAL,54,19,0.8,2.9,2.4
122,1993,regular,Clyde Drexler*,Shooting Guard,31,POR,68,68,2.5,3.0,19.2
123,1993,regular,Kevin Duckworth,Center,29,WSB,69,52,1.5,3.2,6.6
124,1993,regular,Chris Dudley,Center,28,POR,6,3,0.3,3.0,2.3
125,1993,regular,Joe Dumars*,Shooting Guard,30,DET,69,69,2.3,1.7,20.4
126,1993,regular,Acie Earl,Center,23,BOS,74,8,1.0,2.4,5.5
127,1993,regular,Bill Edwards,Power Forward,22,PHI,3,0,1.3,2.0,2.0
128,1993,regular,Blue Edwards,Small Forward,28,MIL,82,64,1.8,2.9,11.6
129,1993,regular,Doug Edwards,Power Forward,23,ATL,16,0,0.4,0.6,2.7
130,1993,regular,James Edwards,Center,38,LAL,45,2,0.7,2.0,4.7
131,1993,regular,Kevin Edwards,Shooting Guard,28,NJN,82,82,1.6,1.8,14.0
132,1993,regular,Craig Ehlo,Shooting Guard,32,ATL,82,0,1.6,2.0,10.0
133,1993,regular,Mario Elie,Small Forward,30,HOU,67,8,1.6,1.9,9.3
134,1993,regular,Sean Elliott,Small Forward,25,DET,73,73,1.8,2.4,12.1
135,1993,regular,Dale Ellis,Small Forward,33,SAS,77,75,1.0,1.8,15.2
136,1993,regular,Harold Ellis,Small Forward,23,LAC,49,16,0.9,2.0,8.7
137,1993,regular,LaPhonso Ellis,Power Forward,23,DEN,79,79,2.2,3.8,15.4
138,1993,regular,LeRon Ellis,Center,24,CHH,50,1,0.4,1.7,4.4
139,1993,regular,Pervis Ellison,Center,26,WSB,47,24,1.6,3.0,7.3
140,1993,regular,Jo Jo English,Shooting Guard,23,CHI,36,0,1.0,1.7,3.6
141,1993,regular,Patrick Ewing*,Center,31,NYK,79,79,3.3,3.5,24.5
142,1993,regular,Jim Farmer,Shooting Guard,29,DEN,4,0,1.3,0.8,1.0
143,1993,regular,Duane Ferrell,Small Forward,28,ATL,72,13,0.9,1.2,7.1
144,1993,regular,Danny Ferry,Power Forward,27,CLE,70,1,0.6,1.6,5.0
145,1993,regular,Vern Fleming,Point Guard,31,IND,55,5,1.6,1.8,6.5
146,1993,regular,Sleepy Floyd,Point Guard,33,SAS,53,2,1.2,1.3,3.8
147,1993,regular,Alphonso Ford,Point Guard,22,SEA,6,0,0.2,0.3,2.7
148,1993,regular,Greg Foster,Power Forward,25,MIL,3,0,0.3,1.0,3.3
149,1993,regular,Rick Fox,Small Forward,24,BOS,82,53,1.9,3.0,10.8
150,1993,regular,Tellis Frank,Power Forward,28,MIN,67,11,0.7,2.4,2.8
151,1993,regular,Corey Gaines,Shooting Guard,28,NYK,18,0,0.3,0.7,1.8
152,1993,regular,Chad Gallagher,Center,24,UTA,2,0,0.0,1.0,3.0
153,1993,regular,Kevin Gamble,Small Forward,28,BOS,75,28,1.0,1.8,11.5
154,1993,regular,Chris Gatling,Center,26,GSW,82,23,1.0,2.7,8.2
155,1993,regular,Kenny Gattison,Power Forward,29,CHH,77,18,1.0,3.0,7.7
156,1993,regular,Andrew Gaze,Shooting Guard,28,WSB,7,0,0.4,1.3,3.1
157,1993,regular,Matt Geiger,Center,24,MIA,72,0,0.8,2.8,7.2
158,1993,regular,Kendall Gill,Shooting Guard,25,SEA,79,77,1.8,2.5,14.1
159,1993,regular,Armen Gilliam,Power Forward,29,NJN,82,5,1.3,1.6,11.8
160,1993,regular,Mike Gminski,Center,34,TOT,29,7,0.4,0.8,3.0
163,1993,regular,Ricky Grace,Point Guard,26,ATL,3,0,0.0,1.0,1.3
164,1993,regular,Greg Graham,Shooting Guard,23,PHI,70,6,0.9,0.8,4.8
165,1993,regular,Paul Graham,Shooting Guard,26,ATL,21,0,0.2,0.5,2.8
166,1993,regular,Gary Grant,Point Guard,28,LAC,78,8,1.7,1.8,7.5
167,1993,regular,Harvey Grant,Small Forward,28,POR,77,73,0.7,2.3,10.4
168,1993,regular,Horace Grant,Power Forward,28,CHI,70,69,1.6,2.3,15.1
169,1993,regular,Josh Grant,Power Forward,26,GSW,53,0,0.6,1.2,3.0
170,1993,regular,Jeff Grayer,Shooting Guard,28,GSW,67,4,0.9,1.5,6.8
171,1993,regular,A.C. Green,Power Forward,30,PHO,82,55,1.2,1.7,14.7
172,1993,regular,Litterial Green,Point Guard,23,ORL,29,0,0.4,0.6,2.5
173,1993,regular,Sean Green,Shooting Guard,23,TOT,36,0,0.8,0.6,4.1
176,1993,regular,Tom Gugliotta,Power Forward,24,WSB,78,78,3.2,2.2,17.1
177,1993,regular,Andrés Guibert,Center,25,MIN,5,0,1.2,1.2,3.0
178,1993,regular,Jay Guidinger,Center,24,CLE,32,0,0.5,0.7,1.5
179,1993,regular,Jack Haley,Power Forward,30,SAS,28,0,0.4,0.6,2.1
180,1993,regular,Geert Hammink,Center,24,ORL,1,0,0.0,1.0,2.0
181,1993,regular,Tom Hammonds,Power Forward,26,DEN,74,2,0.6,1.2,4.1
182,1993,regular,Anfernee Hardaway,Point Guard,22,ORL,82,82,3.6,2.5,16.0
183,1993,regular,Derek Harper,Point Guard,32,TOT,82,55,1.6,2.0,9.6
186,1993,regular,Ron Harper,Shooting Guard,30,LAC,75,75,3.2,2.2,20.1
187,1993,regular,Lucious Harris,Shooting Guard,23,DAL,77,0,1.0,1.5,5.4
188,1993,regular,Tony Harris,Shooting Guard,26,BOS,5,0,1.2,1.6,8.8
189,1993,regular,Antonio Harvey,Power Forward,23,LAL,27,6,0.6,1.4,2.6
190,1993,regular,Scott Haskin,Center,23,IND,27,2,0.5,1.2,2.0
191,1993,regular,Hersey Hawkins,Shooting Guard,27,CHH,82,82,1.9,2.0,14.4
192,1993,regular,Skeeter Henry,Shooting Guard,26,PHO,4,0,0.3,0.3,1.0
193,1993,regular,Steve Henson,Point Guard,25,CHH,3,0,0.3,1.0,1.0
194,1993,regular,Carl Herrera,Power Forward,27,HOU,75,0,0.9,2.1,4.7
195,1993,regular,Rod Higgins,Small Forward,34,CLE,36,11,0.6,1.5,5.4
196,1993,regular,Tyrone Hill,Power Forward,25,CLE,57,20,1.4,3.4,10.6
197,1993,regular,Donald Hodge,Center,24,DAL,50,0,0.6,1.3,2.7
198,1993,regular,Tito Horford,Center,28,WSB,3,0,0.3,1.0,0.0
199,1993,regular,Jeff Hornacek,Shooting Guard,30,TOT,80,62,2.1,2.3,15.9
202,1993,regular,Robert Horry,Small Forward,23,HOU,81,81,1.7,2.3,9.9
203,1993,regular,Allan Houston,Shooting Guard,22,DET,79,20,1.3,2.1,8.5
204,1993,regular,Byron Houston,Power Forward,24,GSW,71,2,0.7,2.5,2.8
205,1993,regular,Stephen Howard,Small Forward,23,UTA,9,0,0.7,1.4,3.4
206,1993,regular,Jay Humphries,Shooting Guard,31,UTA,75,19,1.3,2.2,7.5
207,1993,regular,Lindsey Hunter,Point Guard,23,DET,82,26,2.2,2.1,10.3
208,1993,regular,Bobby Hurley,Point Guard,22,SAC,19,19,2.5,1.5,7.1
209,1993,regular,Jaren Jackson,Shooting Guard,26,POR,29,0,0.5,0.7,2.8
210,1993,regular,Jim Jackson,Shooting Guard,23,DAL,82,82,4.1,2.0,19.2
211,1993,regular,Mark Jackson,Point Guard,28,LAC,79,79,2.9,1.5,10.9
212,1993,regular,Stanley Jackson,Shooting Guard,23,MIN,17,0,0.6,0.8,2.2
213,1993,regular,Dave Jamerson,Shooting Guard,26,TOT,5,0,0.2,0.0,0.4
216,1993,regular,Henry James,Power Forward,28,LAC,12,0,0.2,0.8,3.4
217,1993,regular,Keith Jennings,Point Guard,25,GSW,76,2,1.0,0.8,5.7
218,1993,regular,Chris Jent,Small Forward,24,HOU,3,0,1.7,4.3,10.3
219,1993,regular,Avery Johnson,Point Guard,28,GSW,82,70,2.1,2.0,10.9
220,1993,regular,Dave Johnson,Shooting Guard,23,CHI,17,0,0.5,0.4,2.8
221,1993,regular,Eddie Johnson,Small Forward,34,CHH,73,27,1.2,2.0,11.5
222,1993,regular,Ervin Johnson,Center,26,SEA,45,3,0.5,1.0,2.6
223,1993,regular,Frank Johnson,Point Guard,35,PHO,70,5,0.9,1.7,4.6
224,1993,regular,Kevin Johnson,Point Guard,27,PHO,67,67,3.5,1.9,20.0
225,1993,regular,Larry Johnson,Power Forward,24,CHH,51,51,2.3,2.6,16.4
226,1993,regular,Charles Jones,Center,36,DET,42,0,0.3,3.2,2.2
227,1993,regular,Popeye Jones,Power Forward,23,DAL,81,47,1.2,3.0,5.8
228,1993,regular,Adonis Jordan,Point Guard,23,DEN,6,0,1.0,1.0,2.5
229,1993,regular,Reggie Jordan,Shooting Guard,26,LAL,23,0,0.6,1.1,5.4
230,1993,regular,Adam Keefe,Power Forward,23,ATL,63,1,1.0,1.3,4.3
231,1993,regular,Shawn Kemp,Power Forward,24,SEA,79,73,3.3,3.9,18.1
232,1993,regular,Tim Kempton,Power Forward,30,TOT,13,0,0.8,2.5,3.0
235,1993,regular,Steve Kerr,Point Guard,28,CHI,82,0,0.7,1.2,8.6
236,1993,regular,Jerome Kersey,Small Forward,31,POR,78,6,0.8,2.7,6.5
237,1993,regular,Alec Kessler,Power Forward,27,MIA,15,0,0.3,0.9,2.2
238,1993,regular,Warren Kidd,Power Forward,23,PHI,68,14,0.6,1.9,3.6
239,1993,regular,Chris King,Small Forward,24,SEA,15,0,0.8,0.8,3.7
240,1993,regular,Rich King,Center,24,SEA,27,0,0.3,0.7,1.5
241,1993,regular,Stacey King,Center,27,TOT,49,30,1.7,2.5,7.9
244,1993,regular,Greg Kite,Center,32,ORL,29,0,0.6,2.1,1.2
245,1993,regular,Joe Kleine,Center,32,PHO,74,4,0.5,1.6,3.9
246,1993,regular,Negele Knight,Point Guard,26,TOT,65,18,1.4,1.9,9.2
249,1993,regular,Jon Koncak,Center,30,ATL,82,78,0.5,2.9,4.2
250,1993,regular,Larry Krystkowiak,Power Forward,29,ORL,34,11,0.9,2.2,5.1
251,1993,regular,Toni Kukoč,Small Forward,25,CHI,75,8,2.2,1.6,10.9
252,1993,regular,Christian Laettner,Power Forward,24,MIN,70,67,3.7,3.8,16.8
253,1993,regular,Bill Laimbeer,Center,36,DET,11,5,0.9,2.7,9.8
254,1993,regular,Andrew Lang,Center,27,ATL,82,0,1.0,2.3,6.1
255,1993,regular,Eric Leckner,Center,27,PHI,71,36,1.2,2.7,5.1
256,1993,regular,Tim Legler,Point Guard,27,DAL,79,0,0.8,1.7,8.3
257,1993,regular,Jim Les,Point Guard,30,SAC,18,0,0.6,0.9,2.5
258,1993,regular,Fat Lever,Point Guard,33,DAL,81,54,1.1,1.9,6.9
259,1993,regular,Marcus Liberty,Small Forward,25,TOT,38,0,0.6,0.9,2.9
262,1993,regular,Todd Lichti,Shooting Guard,27,TOT,13,0,0.4,1.2,4.5
266,1993,regular,Brad Lohaus,Power Forward,29,MIL,67,2,0.9,2.1,4.0
267,1993,regular,Grant Long,Power Forward,27,MIA,69,59,1.8,3.5,11.4
268,1993,regular,Luc Longley,Center,25,TOT,76,46,1.6,2.8,6.9
271,1993,regular,George Lynch,Small Forward,23,LAL,71,46,1.2,2.5,9.6
272,1993,regular,Malcolm Mackey,Center,23,PHO,22,0,0.1,0.4,1.5
273,1993,regular,Don MacLean,Small Forward,24,WSB,75,69,2.0,2.3,18.2
274,1993,regular,Mark Macon,Shooting Guard,24,TOT,42,1,1.0,1.7,3.9
277,1993,regular,Gerald Madkins,Shooting Guard,24,CLE,22,0,0.6,0.7,1.6
278,1993,regular,Rick Mahorn,Power Forward,35,NJN,28,0,0.3,1.4,2.1
279,1993,regular,Dan Majerle,Shooting Guard,28,PHO,80,76,1.7,1.9,16.5
280,1993,regular,Jeff Malone,Shooting Guard,32,TOT,77,73,1.1,1.6,16.4
283,1993,regular,Karl Malone*,Power Forward,30,UTA,82,82,2.9,3.3,25.2
284,1993,regular,Moses Malone*,Center,38,PHI,55,0,1.1,0.9,5.3
285,1993,regular,Danny Manning,Power Forward,27,TOT,68,66,3.4,3.8,20.6
288,1993,regular,Roy Marble,Small Forward,27,DEN,5,0,0.6,0.2,0.8
289,1993,regular,Bob Martin,Center,24,LAC,53,1,0.5,2.0,2.1
290,1993,regular,Jamal Mashburn,Small Forward,21,DAL,79,73,3.1,2.6,19.2
291,1993,regular,Anthony Mason,Power Forward,27,NYK,73,12,1.5,2.6,7.2
292,1993,regular,Marlon Maxey,Power Forward,24,MIN,55,2,0.7,2.1,4.5
293,1993,regular,Vernon Maxwell,Shooting Guard,28,HOU,75,73,2.5,1.9,13.6
294,1993,regular,Lee Mayberry,Point Guard,23,MIL,82,6,1.2,1.4,5.3
295,1993,regular,Xavier McDaniel,Small Forward,30,BOS,82,5,1.4,2.4,11.3
296,1993,regular,Derrick McKey,Small Forward,27,IND,76,76,3.0,3.3,12.0
297,1993,regular,Nate McMillan,Point Guard,29,SEA,73,8,1.7,2.8,6.0
298,1993,regular,Darnell Mee,Shooting Guard,22,DEN,38,0,0.5,0.9,1.9
299,1993,regular,Oliver Miller,Center,23,PHO,69,30,2.4,3.3,9.2
300,1993,regular,Reggie Miller*,Shooting Guard,28,IND,79,79,2.2,2.4,19.9
301,1993,regular,Chris Mills,Small Forward,24,CLE,79,18,1.1,2.9,9.4
302,1993,regular,Terry Mills,Power Forward,26,DET,80,74,1.9,3.9,17.3
303,1993,regular,Harold Miner,Shooting Guard,22,MIA,63,31,1.5,2.1,10.5
304,1993,regular,Sam Mitchell,Power Forward,30,IND,75,18,0.7,2.0,4.8
305,1993,regular,Tracy Moore,Shooting Guard,28,DET,3,0,0.0,0.0,2.0
306,1993,regular,Darren Morningstar,Center,24,TOT,23,15,0.8,3.0,4.2
309,1993,regular,Chris Morris,Small Forward,28,NJN,50,27,1.0,2.4,10.9
310,1993,regular,Alonzo Mourning*,Center,23,CHH,60,59,3.3,3.5,21.5
311,1993,regular,Chris Mullin*,Small Forward,30,GSW,62,39,2.9,1.8,16.8
312,1993,regular,Eric Murdock,Point Guard,25,MIL,82,76,2.5,2.3,15.3
313,1993,regular,Gheorghe Mureșan,Center,22,WSB,54,2,1.0,2.2,5.6
314,1993,regular,Tod Murphy,Power Forward,30,TOT,9,0,0.1,1.1,1.7
317,1993,regular,Tracy Murray,Small Forward,22,POR,66,1,0.6,1.2,6.6
318,1993,regular,Jerrod Mustaf,Power Forward,24,PHO,33,2,0.3,0.9,2.2
319,1993,regular,Dikembe Mutombo*,Center,27,DEN,82,82,2.5,3.2,12.0
320,1993,regular,Pete Myers,Shooting Guard,30,CHI,82,81,1.7,2.4,7.9
321,1993,regular,Larry Nance,Power Forward,34,CLE,33,19,1.2,2.9,11.2
322,1993,regular,Chuck Nevitt,Center,34,SAS,1,0,1.0,1.0,3.0
323,1993,regular,Johnny Newman,Small Forward,30,TOT,81,18,1.1,2.4,10.3
326,1993,regular,Ken Norman,Small Forward,29,MIL,82,75,1.8,2.5,11.9
327,1993,regular,Shaquille O'Neal*,Center,21,ORL,81,81,2.7,3.5,29.3
328,1993,regular,Dan O'Sullivan,Center,25,DET,13,0,0.2,0.8,1.3
329,1993,regular,Charles Oakley,Power Forward,30,NYK,82,82,2.4,3.6,11.8
330,1993,regular,Hakeem Olajuwon*,Center,31,HOU,80,80,3.4,3.6,27.3
331,1993,regular,Jimmy Oliver,Shooting Guard,24,BOS,44,6,0.5,0.9,4.9
332,1993,regular,Bo Outlaw,Small Forward,22,LAC,37,14,0.8,2.5,6.9
333,1993,regular,Doug Overton,Point Guard,24,WSB,61,1,0.9,0.8,3.6
334,1993,regular,Billy Owens,Power Forward,24,GSW,79,72,2.7,3.4,15.0
335,1993,regular,Robert Pack,Point Guard,24,DEN,66,4,3.1,2.2,9.6
336,1993,regular,Gerald Paddio,Small Forward,28,TOT,18,1,0.3,0.5,2.9
340,1993,regular,Robert Parish*,Center,40,BOS,74,74,1.5,2.6,11.7
341,1993,regular,John Paxson,Point Guard,33,CHI,27,0,0.2,0.7,2.6
342,1993,regular,Gary Payton*,Point Guard,25,SEA,82,82,2.1,2.8,16.5
343,1993,regular,Anthony Peeler,Shooting Guard,24,LAL,30,30,2.0,3.1,14.1
344,1993,regular,Mike Peplowski,Center,23,SAC,55,19,0.6,2.4,3.2
345,1993,regular,Will Perdue,Center,28,CHI,43,6,1.0,1.4,2.7
346,1993,regular,Sam Perkins,Power Forward,32,SEA,81,41,1.3,2.4,12.3
347,1993,regular,Elliot Perry,Point Guard,24,PHO,27,9,1.6,1.3,3.9
348,1993,regular,Tim Perry,Power Forward,28,PHI,80,68,1.0,1.9,9.0
349,1993,regular,Chuck Person,Small Forward,29,MIN,77,37,1.6,2.1,11.6
350,1993,regular,Richard Petruška,Center,25,HOU,22,0,0.7,0.7,2.4
351,1993,regular,Bobby Phills,Shooting Guard,24,CLE,72,53,0.9,1.9,8.3
352,1993,regular,Ricky Pierce,Shooting Guard,34,SEA,51,0,1.3,1.6,14.5
353,1993,regular,Ed Pinckney,Power Forward,30,BOS,76,35,0.8,1.7,5.2
354,1993,regular,Scottie Pippen*,Small Forward,28,CHI,72,72,3.2,3.2,22.0
355,1993,regular,Olden Polynice,Center,29,TOT,68,65,1.1,2.8,11.6
358,1993,regular,Terry Porter,Point Guard,30,POR,77,34,2.2,1.7,13.1
359,1993,regular,Brent Price,Point Guard,25,WSB,65,13,1.8,1.8,6.2
360,1993,regular,Mark Price,Point Guard,29,CLE,76,73,2.5,1.2,17.3
361,1993,regular,Kurt Rambis,Power Forward,35,LAL,50,1,0.5,1.8,3.3
362,1993,regular,Mark Randall,Power Forward,26,DEN,28,0,0.4,0.6,2.1
363,1993,regular,Dino Rađa*,Power Forward,26,BOS,80,47,1.9,3.5,15.1
364,1993,regular,J.R. Reid,Power Forward,25,SAS,70,11,1.2,2.4,9.0
365,1993,regular,Glen Rice,Small Forward,26,MIA,81,81,1.6,2.3,21.1
366,1993,regular,Pooh Richardson,Point Guard,27,IND,37,25,2.4,2.1,10.0
367,1993,regular,Mitch Richmond*,Shooting Guard,28,SAC,78,78,2.8,2.7,23.4
368,1993,regular,Isaiah Rider,Shooting Guard,22,MIN,79,60,2.8,2.5,16.6
369,1993,regular,Eric Riley,Center,23,HOU,47,2,0.3,0.6,1.9
370,1993,regular,Doc Rivers,Point Guard,32,NYK,19,19,1.5,2.3,7.5
371,1993,regular,Stanley Roberts,Center,23,LAC,14,14,1.7,3.9,7.4
372,1993,regular,Clifford Robinson,Center,27,POR,82,64,2.1,3.2,20.1
373,1993,regular,David Robinson*,Center,28,SAS,80,80,3.2,2.9,29.8
374,1993,regular,James Robinson,Point Guard,23,POR,58,3,0.9,1.2,4.8
375,1993,regular,Larry Robinson,Shooting Guard,26,HOU,6,0,1.7,1.3,4.2
376,1993,regular,Rumeal Robinson,Point Guard,27,TOT,31,0,1.4,1.5,4.2
379,1993,regular,Dennis Rodman*,Power Forward,32,SAS,79,51,1.7,2.9,4.7
380,1993,regular,Rodney Rogers,Small Forward,22,DEN,79,14,1.7,2.5,8.1
381,1993,regular,Tree Rollins,Center,38,ORL,45,1,0.3,1.2,1.7
382,1993,regular,Sean Rooks,Center,24,DAL,47,28,1.7,2.3,11.4
383,1993,regular,Donald Royal,Small Forward,27,ORL,74,0,1.0,1.6,7.4
384,1993,regular,Bryon Russell,Small Forward,23,UTA,67,48,0.8,2.1,5.0
385,1993,regular,John Salley,Power Forward,29,MIA,76,45,1.2,3.4,7.7
386,1993,regular,Danny Schayes,Center,34,TOT,36,6,0.6,1.3,2.4
389,1993,regular,Steve Scheffler,Center,26,SEA,35,1,0.2,0.7,2.1
390,1993,regular,Dwayne Schintzius,Center,25,NJN,30,7,0.4,1.6,2.3
391,1993,regular,Detlef Schrempf,Small Forward,31,SEA,81,80,2.1,3.4,15.0
392,1993,regular,Byron Scott,Shooting Guard,32,IND,67,2,1.5,1.2,10.4
393,1993,regular,Dennis Scott,Small Forward,25,ORL,82,37,1.1,2.0,12.8
394,1993,regular,Malik Sealy,Small Forward,23,IND,43,5,1.2,2.0,6.6
395,1993,regular,Rony Seikaly,Center,28,MIA,72,60,2.7,3.9,15.1
396,1993,regular,Brian Shaw,Shooting Guard,27,MIA,77,52,2.2,2.5,9.0
397,1993,regular,Lionel Simmons,Small Forward,25,SAC,75,74,2.4,2.5,15.1
398,1993,regular,Scott Skiles,Point Guard,29,ORL,82,46,2.4,2.1,9.9
399,1993,regular,Charles Smith,Small Forward,28,NYK,43,21,1.5,3.3,10.4
400,1993,regular,Chris Smith,Point Guard,23,MIN,80,16,1.3,1.6,5.9
401,1993,regular,Doug Smith,Power Forward,24,DAL,79,42,1.2,3.6,8.8
402,1993,regular,Kenny Smith,Point Guard,28,HOU,78,78,1.6,1.6,11.6
403,1993,regular,LaBradford Smith,Shooting Guard,24,TOT,66,2,0.8,1.5,5.0
406,1993,regular,Reggie Smith,Power Forward,23,POR,43,9,0.3,1.1,1.8
407,1993,regular,Steve Smith,Shooting Guard,24,MIA,78,77,2.6,2.8,17.3
408,1993,regular,Tony Smith,Shooting Guard,25,LAL,73,31,1.0,1.8,8.8
409,1993,regular,Rik Smits,Center,27,IND,78,75,1.9,3.6,15.7
410,1993,regular,Andre Spencer,Small Forward,29,TOT,28,1,0.8,1.5,5.7
413,1993,regular,Elmore Spencer,Center,24,LAC,76,63,2.2,2.7,8.9
414,1993,regular,Felton Spencer,Center,26,UTA,79,79,1.6,3.8,8.6
415,1993,regular,Latrell Sprewell,Shooting Guard,23,GSW,82,82,2.8,1.9,21.0
416,1993,regular,John Starks,Shooting Guard,28,NYK,59,54,3.1,3.2,19.0
417,1993,regular,Larry Stewart,Small Forward,25,WSB,3,0,0.7,1.3,4.3
418,1993,regular,Bryant Stith,Shooting Guard,23,DEN,82,82,1.6,2.0,12.5
419,1993,regular,John Stockton*,Point Guard,31,UTA,82,82,3.2,2.9,15.1
420,1993,regular,Rod Strickland,Point Guard,27,POR,82,58,3.1,2.1,17.2
421,1993,regular,Derek Strong,Power Forward,25,MIL,67,11,0.9,1.0,6.6
422,1993,regular,Isiah Thomas*,Point Guard,32,DET,58,56,3.5,2.2,14.8
423,1993,regular,Kevin Thompson,Center,22,POR,14,0,0.4,0.8,0.9
424,1993,regular,LaSalle Thompson,Center,32,IND,30,1,0.8,2.0,2.3
425,1993,regular,Otis Thorpe,Power Forward,31,HOU,82,82,2.3,3.1,14.0
426,1993,regular,Sedale Threatt,Point Guard,32,LAL,81,20,1.3,2.3,11.9
427,1993,regular,Wayman Tisdale,Power Forward,29,SAC,79,77,1.6,3.7,16.7
428,1993,regular,Tom Tolbert,Small Forward,28,LAC,49,6,0.8,1.2,3.8
429,1993,regular,Sedric Toney,Point Guard,31,CLE,12,0,0.4,0.7,0.5
430,1993,regular,Keith Tower,Center,23,ORL,11,0,0.0,0.5,0.7
431,1993,regular,Jeff Turner,Power Forward,31,ORL,68,51,1.1,3.5,6.6
432,1993,regular,Nick Van Exel,Point Guard,22,LAL,81,80,1.8,1.9,13.6
433,1993,regular,Loy Vaught,Power Forward,25,LAC,75,56,1.3,2.9,11.7
434,1993,regular,Kenny Walker,Small Forward,29,WSB,73,4,0.6,2.1,4.8
435,1993,regular,Rex Walters,Shooting Guard,23,NJN,48,0,0.6,0.9,3.4
436,1993,regular,Clarence Weatherspoon,Small Forward,23,PHI,82,82,2.4,1.9,18.4
437,1993,regular,Spud Webb,Point Guard,30,SAC,79,62,2.1,2.3,12.7
438,1993,regular,Chris Webber,Center,20,GSW,76,76,2.7,3.3,17.5
439,1993,regular,Bill Wennington,Center,30,CHI,76,0,1.0,2.8,7.1
440,1993,regular,Matt Wenstrom,Center,23,BOS,11,0,0.4,0.6,1.6
441,1993,regular,David Wesley,Point Guard,23,NJN,60,0,0.9,0.8,3.1
442,1993,regular,Doug West,Shooting Guard,26,MIN,72,61,1.9,3.3,14.7
443,1993,regular,Mark West,Center,33,PHO,82,50,0.9,2.6,4.7
444,1993,regular,Ennis Whatley,Point Guard,31,ATL,82,1,1.0,1.1,3.6
445,1993,regular,Randy White,Power Forward,26,DAL,18,3,1.0,2.6,6.4
446,1993,regular,Chris Whitney,Point Guard,22,SAS,40,4,0.9,1.3,1.8
447,1993,regular,Morlon Wiley,Point Guard,27,TOT,16,0,1.1,1.3,1.3
450,1993,regular,Dominique Wilkins*,Small Forward,34,TOT,74,74,2.3,1.7,26.0
453,1993,regular,Gerald Wilkins,Shooting Guard,30,CLE,82,82,1.6,2.3,14.3
454,1993,regular,Aaron Williams,Power Forward,22,UTA,6,0,0.2,0.7,0.7
455,1993,regular,Buck Williams,Power Forward,33,POR,81,81,1.4,3.0,9.7
456,1993,regular,Corey Williams,Point Guard,23,MIN,4,0,0.5,1.5,2.8
457,1993,regular,Herb Williams,Center,35,NYK,70,3,0.6,1.5,3.3
458,1993,regular,Hot Rod Williams,Power Forward,31,CLE,76,72,1.8,2.9,13.7
459,1993,regular,Jayson Williams,Power Forward,25,NJN,70,0,0.5,2.0,4.6
460,1993,regular,John Williams,Small Forward,27,LAC,34,6,1.0,2.5,5.6
461,1993,regular,Kenny Williams,Small Forward,24,IND,68,1,0.7,1.5,6.3
462,1993,regular,Lorenzo Williams,Power Forward,24,TOT,38,11,0.6,2.4,2.9
466,1993,regular,Micheal Williams,Point Guard,27,MIN,71,66,2.9,2.7,13.7
467,1993,regular,Reggie Williams,Small Forward,29,DEN,82,68,2.0,3.5,13.0
468,1993,regular,Scott Williams,Center,25,CHI,38,11,1.2,2.9,7.6
469,1993,regular,Walt Williams,Small Forward,23,SAC,57,4,2.5,3.5,11.2
470,1993,regular,Kevin Willis,Power Forward,31,ATL,80,80,2.4,3.1,19.1
471,1993,regular,Trevor Wilson,Power Forward,25,TOT,57,13,1.6,2.2,8.2
474,1993,regular,David Wingate,Shooting Guard,30,CHH,50,36,1.1,1.7,6.2
475,1993,regular,David Wood,Power Forward,29,DET,78,3,0.4,2.6,4.1
476,1993,regular,Randy Woods,Point Guard,23,LAC,40,0,0.9,1.0,3.6
477,1993,regular,Orlando Woolridge,Small Forward,34,PHI,74,1,1.9,2.5,12.7
478,1993,regular,Haywoode Workman,Point Guard,28,IND,65,52,2.3,2.3,7.7
479,1993,regular,James Worthy*,Small Forward,32,LAL,80,2,1.2,1.0,10.2
480,1993,regular,Luther Wright,Center,22,UTA,15,2,0.4,1.4,1.3
671,1994,regular,Rafael Addison,Small Forward,30,DET,79,16,1.0,3.0,8.3
674,1994,regular,Derrick Alston,Center,22,PHI,64,1,0.8,1.7,4.7
681,1994,regular,Darrell Armstrong,Point Guard,26,ORL,3,0,0.3,1.0,3.3
691,1994,regular,Sergei Bazarevich,Point Guard,29,ATL,10,0,0.7,1.0,3.0
693,1994,regular,Elmer Bennett,Point Guard,24,CLE,4,0,0.8,0.8,3.8
696,1994,regular,James Blackwell,Point Guard,26,TOT,13,0,0.4,0.6,1.4
711,1994,regular,Tim Breaux,Small Forward,24,HOU,42,2,0.4,0.6,3.0
726,1994,regular,Adrian Caldwell,Power Forward,28,HOU,7,0,0.1,0.9,0.7
738,1994,regular,Chris Childs,Point Guard,27,NJN,53,11,1.4,2.2,5.8
742,1994,regular,Steve Colter,Point Guard,32,CLE,57,7,0.6,0.9,3.4
747,1994,regular,Corey Crowder,Small Forward,25,SAS,7,0,0.3,0.1,0.9
749,1994,regular,Bill Curley,Power Forward,22,DET,53,1,0.5,2.4,2.7
754,1994,regular,Yinka Dare,Center,22,NJN,1,0,1.0,2.0,0.0
760,1994,regular,Tony Dawson,Small Forward,27,BOS,2,0,1.0,2.0,4.0
766,1994,regular,James Donaldson,Center,37,UTA,43,40,0.5,1.5,2.6
775,1994,regular,Richard Dumas,Small Forward,25,PHO,15,1,0.6,1.5,5.5
776,1994,regular,Tony Dumas,Shooting Guard,22,DAL,58,0,0.9,1.3,4.6
777,1994,regular,Pat Durham,Small Forward,27,MIN,59,2,0.8,1.9,5.1
778,1994,regular,Ledell Eackles,Shooting Guard,28,MIA,54,6,1.0,1.6,7.3
787,1994,regular,Howard Eisley,Point Guard,22,TOT,49,4,1.0,1.7,2.4
800,1994,regular,Matt Fish,Center,25,LAC,26,8,1.1,2.7,4.7
810,1994,regular,Winston Garland,Point Guard,30,MIN,73,58,1.4,2.5,6.1
814,1994,regular,Tate George,Shooting Guard,26,MIL,3,0,0.7,0.3,1.3
818,1994,regular,Ron Grandison,Power Forward,30,NYK,2,0,0.0,1.0,1.0
819,1994,regular,Brian Grant,Power Forward,22,SAC,80,59,2.0,3.5,13.2
821,1994,regular,Greg Grant,Point Guard,28,DEN,14,0,1.0,1.4,2.2
834,1994,regular,Darrin Hancock,Small Forward,23,CHH,46,7,0.7,1.0,3.3
836,1994,regular,Tim Hardaway,Point Guard,28,GSW,62,62,3.5,2.5,20.1
837,1994,regular,Jerome Harmon,Shooting Guard,25,PHI,10,0,0.7,1.2,4.6
847,1994,regular,Sean Higgins,Small Forward,26,NJN,57,7,0.6,1.6,4.7
848,1994,regular,Grant Hill*,Small Forward,22,DET,70,69,2.9,2.9,19.9
855,1994,regular,Tom Hovasse,Small Forward,28,ATL,2,0,0.0,0.5,0.0
856,1994,regular,Juwan Howard,Power Forward,21,WSB,65,52,2.6,3.6,17.0
870,1994,regular,Askia Jones,Shooting Guard,23,MIN,11,0,0.8,1.7,4.1
872,1994,regular,Eddie Jones,Shooting Guard,23,LAL,64,58,1.2,2.7,14.0
874,1994,regular,Michael Jordan*,Shooting Guard,31,CHI,17,17,2.1,2.8,26.9
879,1994,regular,Randolph Keys,Small Forward,28,LAL,6,0,0.3,2.7,3.3
880,1994,regular,Jason Kidd*,Point Guard,21,DAL,79,79,3.2,1.8,11.7
895,1994,regular,Antonio Lang,Small Forward,22,PHO,12,0,0.4,0.9,0.9
897,1994,regular,Doug Lee,Shooting Guard,30,SAC,22,0,0.2,0.8,2.0
900,1994,regular,Cliff Levingston,Power Forward,34,DEN,57,0,0.4,1.6,2.3
901,1994,regular,Alton Lister,Center,36,MIL,60,32,0.6,2.4,2.8
907,1994,regular,Ryan Lorthridge,Shooting Guard,22,GSW,37,2,1.5,1.1,7.4
918,1994,regular,Šarūnas Marčiulionis*,Shooting Guard,30,SEA,66,4,1.5,1.9,9.3
919,1994,regular,Donyell Marshall,Small Forward,21,TOT,72,31,1.6,2.2,12.6
923,1994,regular,Darrick Martin,Point Guard,23,MIN,34,9,1.8,2.6,7.5
926,1994,regular,Tony Massenburg,Center,27,LAC,80,50,1.5,3.2,9.3
929,1994,regular,George McCloud,Small Forward,27,DAL,42,3,1.0,1.7,9.6
931,1994,regular,Jim McIlvaine,Center,22,WSB,55,0,0.3,1.7,1.7
933,1994,regular,Aaron McKie,Shooting Guard,22,POR,45,20,0.9,2.2,6.5
936,1994,regular,Anthony Miller,Power Forward,23,LAL,46,1,0.8,1.7,4.1
942,1994,regular,Greg Minor,Shooting Guard,23,BOS,63,8,0.7,1.4,6.0
944,1994,regular,Eric Mobley,Center,24,MIL,46,26,0.5,1.4,3.9
945,1994,regular,Eric Montross,Center,23,BOS,78,75,1.4,3.8,10.0
947,1994,regular,Dwayne Morton,Point Guard,23,GSW,41,6,0.7,1.1,4.1
952,1994,regular,Lamond Murray,Small Forward,21,LAC,81,61,2.0,2.2,14.1
958,1994,regular,Ivano Newbill,Small Forward,24,DET,34,0,0.4,1.8,1.2
961,1994,regular,Julius Nwosu,Center,23,SAS,23,0,0.4,0.9,1.3
965,1994,regular,Brian Oliver,Shooting Guard,26,WSB,6,0,0.5,1.3,2.3
979,1994,regular,Wesley Person,Shooting Guard,23,PHO,78,56,1.0,1.9,10.4
980,1994,regular,Derrick Phelps,Point Guard,22,SAC,3,0,0.0,1.0,0.0
982,1994,regular,Eric Piatkowski,Shooting Guard,24,LAC,81,11,0.8,1.9,7.0
989,1994,regular,Kevin Pritchard,Point Guard,27,TOT,19,0,0.6,1.2,2.3
995,1994,regular,Eldridge Recasner,Shooting Guard,27,DEN,3,0,0.7,0.0,2.0
996,1994,regular,Khalid Reeves,Point Guard,22,MIA,67,17,2.0,2.1,9.2
1006,1994,regular,Fred Roberts,Small Forward,34,CLE,21,0,0.3,1.2,3.8
1009,1994,regular,Glenn Robinson,Small Forward,22,MIL,80,76,3.9,2.9,21.9
1012,1994,regular,Carlos Rogers,Center,23,GSW,49,18,1.7,2.5,8.9
1016,1994,regular,Jalen Rose,Small Forward,22,DEN,81,37,2.0,2.5,8.2
1018,1994,regular,Clifford Rozier,Center,22,GSW,66,34,1.3,3.0,6.8
1019,1994,regular,Trevor Ruffin,Point Guard,24,PHO,49,1,1.0,1.1,4.8
1030,1994,regular,Charles Shackleford,Power Forward,28,MIN,21,2,0.4,2.2,4.5
1033,1994,regular,Dickey Simpkins,Power Forward,22,CHI,59,5,0.8,1.2,3.5
1035,1994,regular,Reggie Slater,Power Forward,24,DEN,25,0,1.0,1.9,4.8
1040,1994,regular,Michael Smith,Power Forward,29,LAC,29,0,0.6,1.4,5.3
1054,1994,regular,Mark Strickland,Power Forward,24,IND,4,0,0.3,0.0,0.8
1057,1994,regular,Greg Sutton,Point Guard,27,CHH,53,4,1.0,2.2,5.0
1058,1994,regular,Aaron Swinson,Small Forward,24,PHO,9,0,0.6,0.9,2.7
1059,1994,regular,Žan Tabak,Center,24,HOU,37,0,0.5,1.0,2.0
1060,1994,regular,Roy Tarpley,Center,30,DAL,55,1,2.0,2.8,12.6
1061,1994,regular,Brooks Thompson,Point Guard,24,ORL,38,2,0.7,1.2,3.1
1070,1994,regular,Anthony Tucker,Small Forward,25,WSB,62,13,0.9,2.1,3.9
1071,1994,regular,Henry Turner,Power Forward,28,SAC,30,0,0.4,0.7,2.3
1073,1994,regular,B.J. Tyler,Point Guard,23,PHI,55,8,1.8,1.1,3.5
1076,1994,regular,Fred Vinson,Shooting Guard,24,ATL,5,0,0.4,0.8,0.8
1079,1994,regular,Charlie Ward,Point Guard,24,NYK,10,0,0.8,0.7,1.6
1080,1994,regular,Jamie Watson,Small Forward,22,UTA,60,1,0.9,1.4,3.3
1102,1994,regular,Monty Williams,Small Forward,23,NYK,41,23,1.0,2.1,3.3
1111,1994,regular,Dontonio Wingfield,Small Forward,20,SEA,20,0,0.4,0.8,2.3
1112,1994,regular,Joe Wolf,Power Forward,30,CHH,63,6,0.3,1.6,1.4
1116,1994,regular,Sharone Wright,Center,22,PHI,79,49,1.9,3.1,11.4
1117,1994,regular,Danny Young,Point Guard,32,MIL,7,0,0.6,1.1,3.4
1306,1995,regular,Cory Alexander,Point Guard,22,SAS,60,0,1.1,1.6,2.8
1307,1995,regular,Jerome Allen,Shooting Guard,23,MIN,41,0,0.8,1.0,2.6
1309,1995,regular,John Amaechi,Power Forward,25,CLE,28,3,1.2,1.8,2.8
1310,1995,regular,Ashraf Amaya,Power Forward,24,VAN,54,34,1.1,2.8,6.3
1327,1995,regular,Steve Bardo,Shooting Guard,27,DET,9,0,0.6,1.9,2.4
1330,1995,regular,Brent Barry,Shooting Guard,24,LAC,79,44,1.5,2.5,10.1
1332,1995,regular,Corey Beck,Point Guard,24,CHH,5,0,0.8,1.6,1.0
1337,1995,regular,Mario Bennett,Small Forward,22,PHO,19,14,0.6,2.4,4.5
1339,1995,regular,Travis Best,Point Guard,23,IND,59,1,1.1,1.4,3.7
1344,1995,regular,Melvin Booker,Point Guard,23,HOU,11,0,1.1,1.6,4.0
1346,1995,regular,Donnie Boyce,Shooting Guard,22,ATL,8,0,0.8,0.3,3.0
1350,1995,regular,Marques Bragg,Power Forward,25,MIN,53,0,0.5,1.3,2.5
1364,1995,regular,Junior Burrough,Power Forward,23,BOS,61,3,0.7,1.2,3.1
1366,1995,regular,Jason Caffey,Power Forward,22,CHI,57,0,0.8,1.6,3.2
1371,1995,regular,Chris Carr,Shooting Guard,21,PHO,60,10,0.7,1.3,4.0
1378,1995,regular,Randolph Childress,Point Guard,23,POR,28,0,1.0,0.8,3.0
1383,1995,regular,Robert Churchwell,Shooting Guard,23,GSW,4,0,0.5,0.3,1.5
1384,1995,regular,Charles Claxton,Center,25,BOS,3,0,0.3,1.3,0.7
1385,1995,regular,John Coker,Center,24,PHO,5,0,0.0,0.2,1.6
1402,1995,regular,Rastko Cvetković,Center,25,DEN,14,0,0.2,0.8,0.7
1403,1995,regular,Sasha Danilović,Shooting Guard,25,MIA,19,18,1.9,2.6,13.4
1408,1995,regular,Mark Davis,Small Forward,22,MIN,57,0,1.2,1.6,3.3
1413,1995,regular,Andrew DeClercq,Center,22,GSW,22,1,0.2,1.4,2.7
1430,1995,regular,Tyus Edney,Point Guard,22,SAC,80,60,2.4,2.5,10.8
1443,1995,regular,Vincenzo Esposito,Point Guard,26,TOR,30,0,1.3,0.9,3.9
1447,1995,regular,Michael Finley,Small Forward,22,PHO,82,72,1.6,2.4,15.0
1452,1995,regular,Sherell Ford,Small Forward,23,SEA,28,1,0.2,1.0,3.2
1458,1995,regular,Kevin Garnett,Small Forward,19,MIN,80,43,1.4,2.4,10.4
1468,1995,regular,Gerald Glass,Small Forward,28,TOT,15,0,0.0,0.7,1.7
1471,1995,regular,Anthony Goldwire,Point Guard,24,CHH,42,8,1.5,1.9,5.5
1490,1995,regular,Thomas Hamilton,Center,20,BOS,11,0,0.8,1.1,2.3
1507,1995,regular,Alvin Heggs,Small Forward,28,HOU,4,0,0.0,0.0,2.0
1508,1995,regular,Alan Henderson,Power Forward,23,ATL,79,4,1.1,2.7,6.4
1516,1995,regular,Fred Hoiberg,Shooting Guard,23,IND,15,1,0.5,0.8,2.1
1529,1995,regular,Darryl Johnson,Point Guard,30,CLE,11,0,0.1,0.3,1.1
1534,1995,regular,Magic Johnson*,Power Forward,36,LAL,32,9,3.2,1.5,14.6
1548,1995,regular,Frankie King,Point Guard,23,LAL,6,0,0.3,0.7,1.2
1549,1995,regular,Jimmy King,Shooting Guard,22,TOR,62,1,1.0,1.2,4.5
1563,1995,regular,Voshon Lenard,Shooting Guard,22,MIA,30,0,0.8,1.0,5.9
1564,1995,regular,Cedric Lewis,Center,26,WSB,3,0,0.0,0.0,1.3
1565,1995,regular,Martin Lewis,Small Forward,20,TOR,16,0,0.9,1.3,4.7
1575,1995,regular,Sam Mack,Small Forward,25,HOU,31,20,0.9,2.4,10.8
1585,1995,regular,Rich Manning,Power Forward,25,VAN,29,0,0.6,1.3,3.7
1587,1995,regular,Donny Marshall,Small Forward,23,CLE,34,0,0.2,0.8,2.3
1589,1995,regular,Cuonzo Martin,Shooting Guard,24,VAN,4,0,0.3,0.3,2.3
1600,1995,regular,Bob McCann,Power Forward,31,WSB,62,0,0.7,1.9,3.0
1602,1995,regular,Clint McDaniel,Shooting Guard,23,SAC,12,0,0.2,0.8,2.5
1603,1995,regular,Antonio McDyess,Power Forward,21,DEN,76,75,2.0,3.3,13.4
1608,1995,regular,Loren Meyer,Center,23,DAL,72,21,0.9,3.1,5.0
1623,1995,regular,Lawrence Moten,Shooting Guard,23,VAN,44,3,1.0,1.2,6.6
1626,1995,regular,Todd Mundt,Center,25,TOT,33,0,0.1,0.9,1.1
1639,1995,regular,Howard Nathan,Point Guard,24,ATL,5,0,1.6,0.4,2.6
1642,1995,regular,Ed O'Bannon,Shooting Guard,23,NJN,64,29,1.0,1.5,6.2
1647,1995,regular,Greg Ostertag,Center,22,UTA,57,10,0.4,1.6,3.6
1655,1995,regular,Cherokee Parks,Center,23,DAL,64,3,0.5,1.6,3.9
1681,1995,regular,Theo Ratliff,Center,22,DET,75,2,0.7,1.9,4.5
1684,1995,regular,Bryant Reeves,Center,22,VAN,77,63,2.0,2.9,13.3
1688,1995,regular,Don Reid,Power Forward,22,DET,69,46,0.6,2.9,3.8
1692,1995,regular,Terrence Rencher,Point Guard,22,TOT,36,1,1.2,1.0,2.9
1695,1995,regular,Shawn Respert,Shooting Guard,23,MIL,62,0,0.7,1.1,4.9
1696,1995,regular,Jerry Reynolds,Small Forward,33,MIL,19,0,0.8,1.1,2.9
1705,1995,regular,Alvin Robertson,Shooting Guard,33,TOR,77,69,2.4,3.5,9.3
1712,1995,regular,Lou Roe,Small Forward,23,DET,49,2,0.3,0.9,1.8
1722,1995,regular,Stefano Rusconi,Power Forward,27,PHO,7,0,0.4,1.4,1.1
1724,1995,regular,Arvydas Sabonis*,Center,31,POR,73,21,2.1,2.9,14.5
1749,1995,regular,Joe Smith,Power Forward,20,GSW,82,82,1.7,2.7,15.3
1757,1995,regular,Eric Snow,Point Guard,22,SEA,43,1,0.9,1.2,2.7
1763,1995,regular,Jerry Stackhouse,Shooting Guard,21,PHI,72,71,3.5,2.5,19.2
1767,1995,regular,Damon Stoudamire,Point Guard,22,TOR,70,70,3.8,2.4,19.0
1770,1995,regular,Bob Sura,Shooting Guard,22,CLE,79,3,1.5,1.6,5.3
1774,1995,regular,Larry Sykes,Power Forward,22,BOS,1,0,1.0,0.0,0.0
1776,1995,regular,Kurt Thomas,Power Forward,23,MIA,74,42,1.3,3.7,9.0
1779,1995,regular,Bob Thornton,Power Forward,33,WSB,7,0,0.1,1.0,0.4
1783,1995,regular,Andy Toolson,Small Forward,30,UTA,13,0,0.2,0.9,1.7
1785,1995,regular,Gary Trent,Power Forward,21,POR,69,10,1.3,1.7,7.5
1788,1995,regular,Logan Vander Velden,Small Forward,24,LAC,15,0,0.0,0.3,0.6
1789,1995,regular,David Vaughn,Power Forward,22,ORL,33,0,0.5,2.1,1.9
1791,1995,regular,Rasheed Wallace,Power Forward,21,WSB,65,51,1.6,3.2,10.1
1802,1995,regular,Jeff Webster,Small Forward,24,WSB,11,0,0.3,0.6,1.6
1804,1995,regular,Robert Werdann,Center,25,NJN,13,0,0.5,1.3,3.0
1808,1995,regular,Dwayne Whitfield,Power Forward,23,TOR,8,1,1.0,1.8,5.0
1812,1995,regular,Eric Williams,Small Forward,23,BOS,64,6,1.4,2.3,10.7
1828,1995,regular,Corliss Williamson,Small Forward,22,SAC,53,3,1.4,2.2,5.6
1847,1995,regular,George Zídek,Center,22,CHH,71,21,0.5,2.4,4.0
2037,1996,regular,Shareef Abdur-Rahim,Power Forward,20,VAN,80,71,2.8,2.5,18.7
2043,1996,regular,Ray Allen*,Shooting Guard,21,MIL,82,81,1.8,2.7,13.4
2049,1996,regular,Shandon Anderson,Shooting Guard,23,UTA,65,0,1.1,1.7,5.9
2076,1996,regular,Dexter Boney,Shooting Guard,26,PHO,8,0,0.1,0.4,2.4
2080,1996,regular,Bruce Bowen,Small Forward,25,MIA,1,0,0.0,0.0,0.0
2085,1996,regular,Mark Bradtke,Center,28,PHI,36,0,0.3,0.9,1.6
2093,1996,regular,Marcus Brown,Point Guard,22,POR,21,0,0.6,1.2,3.9
2097,1996,regular,Kobe Bryant,Shooting Guard,18,LAL,71,6,1.6,1.4,7.6
2111,1996,regular,Marcus Camby,Center,22,TOR,63,38,2.1,3.4,14.8
2115,1996,regular,Jimmy Carruth,Power Forward,27,MIL,4,0,0.3,1.0,1.3
2145,1996,regular,Erick Dampier,Center,21,IND,72,21,1.2,2.1,5.1
2154,1996,regular,Ben Davis,Power Forward,24,PHO,20,0,0.2,0.8,1.5
2156,1996,regular,Emanual Davis,Point Guard,28,HOU,13,0,1.3,1.5,5.0
2164,1996,regular,Tony Delk,Point Guard,23,CHH,61,1,1.1,1.2,5.4
2170,1996,regular,Nate Driggers,Shooting Guard,23,BOS,15,0,0.4,0.7,2.4
2190,1996,regular,Brian Evans,Small Forward,23,ORL,14,0,0.1,0.4,1.4
2192,1996,regular,Jamie Feick,Power Forward and Small Forward,22,TOT,41,0,0.8,1.9,3.7
2203,1996,regular,Derek Fisher,Point Guard,22,LAL,80,3,0.9,1.1,3.9
2206,1996,regular,Todd Fuller,Center,22,GSW,75,18,0.7,1.9,4.1
2209,1996,regular,Dean Garrett,Center,30,MIN,68,47,0.5,2.3,8.0
2213,1996,regular,Reggie Geary,Point Guard,23,CLE,39,0,0.4,0.9,1.5
2225,1996,regular,Devin Gray,Power Forward,24,TOT,6,0,0.8,1.8,3.0
2228,1996,regular,Evric Gray,Small Forward,27,NJN,5,0,0.6,1.0,2.6
2236,1996,regular,Darvin Ham,Small Forward,23,TOT,36,3,0.6,1.6,2.3
2239,1996,regular,Steve Hamer,Center,23,BOS,35,3,0.4,1.1,2.2
2249,1996,regular,Othella Harrington,Power Forward,23,HOU,57,1,1.0,2.0,4.8
2253,1996,regular,Michael Hawkins,Point Guard,24,BOS,29,0,1.0,1.4,2.8
2254,1996,regular,Shane Heal,Point Guard,26,MIN,43,0,0.4,0.5,1.7
2256,1996,regular,Mark Hendrickson,Power Forward,22,PHI,29,1,0.5,1.1,2.9
2272,1996,regular,Allen Iverson*,Point Guard,21,PHI,76,74,4.4,3.1,23.5
2309,1996,regular,Kerry Kittles,Shooting Guard,22,NJN,82,57,1.5,2.0,16.4
2314,1996,regular,Travis Knight,Center,22,LAL,71,14,0.7,2.4,4.8
2320,1996,regular,Priest Lauderdale,Center,23,ATL,35,0,1.1,1.1,3.2
2328,1996,regular,Randy Livingston,Point Guard,21,HOU,64,0,1.6,1.7,3.9
2329,1996,regular,Horacio Llamas Grey,Center,23,PHO,20,2,0.6,1.3,1.7
2332,1996,regular,John Long,Shooting Guard,40,TOR,32,0,0.8,0.9,4.0
2340,1996,regular,Matt Maloney,Point Guard,25,HOU,82,82,1.5,1.5,9.4
2345,1996,regular,Stephon Marbury,Point Guard,19,MIN,67,64,3.1,2.4,15.8
2358,1996,regular,Walter McCarty,Power Forward,22,NYK,35,0,0.5,1.1,1.8
2359,1996,regular,Amal McCaskill,Center,23,ORL,17,1,0.6,0.4,1.6
2366,1996,regular,Jeff McInnis,Point Guard,22,DEN,13,0,1.0,1.2,5.0
2398,1996,regular,Martin Müürsepp,Power Forward,22,TOT,42,0,0.4,1.4,3.7
2401,1996,regular,Steve Nash*,Point Guard,22,PHO,65,2,1.0,1.4,3.3
2402,1996,regular,Ruben Nembhard,Power Forward and Small Forward,24,TOT,10,0,0.8,1.2,4.0
2407,1996,regular,Gaylon Nickerson,Shooting Guard,27,TOT,4,0,0.3,0.3,3.8
2411,1996,regular,Moochie Norris,Point Guard,23,VAN,8,0,0.6,0.6,1.5
2415,1996,regular,Jermaine O'Neal,Power Forward,18,POR,45,0,0.6,1.0,4.1
2424,1996,regular,Ray Owes,Power Forward,24,GSW,57,1,0.4,1.5,3.1
2445,1996,regular,Vitaly Potapenko,Center,21,CLE,80,3,1.4,2.7,5.8
2465,1996,regular,Chris Robinson,Shooting Guard,22,VAN,41,6,0.8,2.1,4.6
2478,1996,regular,Roy Rogers,Power Forward,23,VAN,82,50,1.0,2.6,6.6
2481,1996,regular,Malik Rose,Power Forward,22,CHH,54,1,0.8,2.1,3.0
2491,1996,regular,Kevin Salvadori,Center,26,SAC,23,0,0.5,0.7,1.6
2492,1996,regular,Jason Sasser,Small Forward,23,TOT,8,0,0.3,1.4,2.4
2499,1996,regular,Brent Scott,Power Forward,25,IND,16,0,0.3,0.9,1.2
2502,1996,regular,James Scott,Small Forward,24,MIA,8,0,0.3,0.6,0.1
2503,1996,regular,Shawnelle Scott,Center,24,CLE,16,0,0.0,0.4,1.3
2518,1996,regular,Stevin Smith,Shooting Guard,25,DAL,8,0,0.5,1.1,1.8
2529,1996,regular,Matt Steigenga,Small Forward,26,CHI,2,0,1.0,0.5,1.5
2530,1996,regular,Joe Stephens,Power Forward,24,HOU,2,0,1.5,1.5,1.5
2535,1996,regular,Erick Strickland,Shooting Guard,23,DAL,28,15,2.4,2.7,10.6
2540,1996,regular,Brett Szabo,Center,28,BOS,70,24,0.6,1.7,2.2
2542,1996,regular,Carl Thomas,Shooting Guard,27,CLE,19,0,0.3,0.4,1.1
2558,1996,regular,Stojko Vranković,Center,33,MIN,53,35,1.0,2.3,3.4
2559,1996,regular,Antoine Walker,Power Forward,20,BOS,82,68,2.8,3.3,17.5
2560,1996,regular,Samaki Walker,Power Forward,20,DAL,43,12,0.9,1.7,5.0
2561,1996,regular,Ben Wallace,Power Forward,22,WSB,34,0,0.5,0.8,1.1
2562,1996,regular,John Wallace,Small Forward,22,NYK,68,6,1.1,1.5,4.8
2577,1996,regular,Donald Whiteside,Point Guard,27,TOR,27,1,0.6,0.9,2.2
2589,1996,regular,Jerome Williams,Power Forward,23,DET,33,0,0.4,0.5,1.5
2604,1996,regular,Lorenzen Wright,Center,21,LAC,77,51,1.0,2.7,7.3
2609,1996,regular,Aleksandar Đorđević,Shooting Guard,29,POR,8,0,0.6,0.4,3.1
2800,1997,regular,Tariq Abdul-Wahad,Shooting Guard,23,SAC,59,16,1.1,1.4,6.4
2806,1997,regular,Derek Anderson,Small Forward,23,CLE,66,13,1.9,2.1,11.7
2813,1997,regular,Chris Anstey,Center,23,DAL,41,8,1.0,2.3,5.9
2831,1997,regular,Drew Barry,Point Guard,24,ATL,27,0,1.1,1.0,2.1
2833,1997,regular,Tony Battie,Power Forward,21,DEN,65,49,1.5,3.1,8.4
2841,1997,regular,Chauncey Billups,Point Guard,21,TOT,80,70,2.2,2.2,11.2
2849,1997,regular,Etdrick Bohannon,Power Forward,24,IND,5,0,0.6,0.6,0.0
2850,1997,regular,Keith Booth,Small Forward,23,CHI,6,0,0.5,0.5,1.7
2863,1997,regular,Rick Brunson,Point Guard,25,POR,38,10,1.4,1.4,4.3
2881,1997,regular,Kelvin Cato,Center,23,POR,74,8,0.6,2.2,3.8
2892,1997,regular,Keith Closs,Center,21,LAC,58,1,0.7,1.3,4.0
2895,1997,regular,James Collins,Shooting Guard,24,LAC,23,0,0.3,0.5,2.6
2898,1997,regular,James Cotton,Shooting Guard,22,SEA,9,0,0.7,0.3,2.7
2899,1997,regular,Chris Crawford,Power Forward,22,ATL,40,0,0.5,0.7,3.8
2900,1997,regular,Austin Croshere,Power Forward,22,IND,26,0,0.5,1.2,2.9
2905,1997,regular,William Cunningham,Center,23,TOT,7,2,0.0,1.4,1.1
2912,1997,regular,Antonio Daniels,Shooting Guard,22,VAN,74,50,2.2,1.2,7.8
2936,1997,regular,Tim Duncan,Power Forward,21,SAS,82,82,3.4,3.1,21.1
2954,1997,regular,Tony Farmer,Center,28,CHH,27,2,0.3,0.9,2.5
2960,1997,regular,Danny Fortson,Power Forward,21,DEN,80,23,2.0,3.9,10.2
2963,1997,regular,Adonal Foyle,Center,22,GSW,55,1,0.9,1.7,3.0
2965,1997,regular,Lawrence Funderburke,Power Forward,27,SAC,52,1,1.2,1.1,9.5
2966,1997,regular,Chris Garner,Point Guard,22,TOR,38,0,0.7,1.3,1.4
2969,1997,regular,Kiwane Garris,Shooting Guard,23,DEN,28,0,0.5,0.8,2.4
2981,1997,regular,Ed Gray,Shooting Guard,22,ATL,30,3,1.0,2.4,7.6
2987,1997,regular,Derek Grimm,Small Forward,23,SAC,9,0,0.3,0.7,1.6
2992,1997,regular,Reggie Hanson,Small Forward,29,BOS,8,0,0.4,1.0,0.8
3001,1997,regular,Cedric Henderson,Small Forward,22,CLE,82,71,2.0,2.9,10.1
3009,1997,regular,Jerald Honeycutt,Power Forward,23,MIL,38,0,1.3,2.2,6.4
3015,1997,regular,Troy Hudson,Point Guard,21,UTA,8,0,0.1,0.1,1.5
3020,1997,regular,Zydrunas Ilgauskas,Center,22,CLE,82,81,1.8,3.5,13.9
3022,1997,regular,Bobby Jackson,Point Guard,24,DEN,68,53,2.7,2.4,11.6
3029,1997,regular,Anthony Johnson,Point Guard,23,SAC,77,62,1.6,2.4,7.5
3036,1997,regular,Dontae' Jones,Small Forward,22,BOS,15,0,0.7,0.8,2.9
3051,1997,regular,Brevin Knight,Point Guard,22,CLE,80,76,2.4,3.4,9.0
3057,1997,regular,Rusty LaRue,Point Guard,24,CHI,14,0,0.4,0.9,3.5
3059,1997,regular,Jason Lawson,Center,23,ORL,17,0,0.1,0.8,1.5
3091,1997,regular,Michael McDonald,Center,28,CHH,1,0,2.0,1.0,0.0
3093,1997,regular,Tracy McGrady*,Small Forward,18,TOR,64,17,1.0,1.3,7.0
3100,1997,regular,Ron Mercer,Shooting Guard,21,BOS,80,62,1.7,2.7,15.3
3101,1997,regular,Marko Milič,Small Forward,20,PHO,33,0,0.6,0.5,2.8
3125,1997,regular,Jeff Nordgaard,Power Forward,24,MIL,13,0,0.2,0.5,1.4
3126,1997,regular,Charles O'Bannon,Shooting Guard,22,DET,30,0,0.3,0.5,2.1
3133,1997,regular,Kevin Ollie,Point Guard,25,TOT,35,0,1.3,0.9,3.5
3141,1997,regular,Anthony Parker,Shooting Guard,22,PHI,37,0,0.3,0.5,1.9
3156,1997,regular,Scot Pollard,Center,22,DET,33,0,0.4,1.5,2.7
3158,1997,regular,Mark Pope,Small Forward,25,IND,28,0,0.4,1.3,1.4
3174,1997,regular,Rodrick Rhodes,Small Forward,24,HOU,58,13,1.7,2.2,5.8
3213,1997,regular,Shea Seals,Shooting Guard,22,LAL,4,0,0.0,0.3,1.0
3218,1997,regular,God Shammgod,Point Guard,21,WAS,20,0,1.1,1.4,3.1
3248,1997,regular,Kebu Stewart,Power Forward,24,PHI,15,0,0.5,0.9,2.7
3249,1997,regular,Michael Stewart,Center,22,SAC,81,37,1.0,3.1,4.6
3252,1997,regular,Ed Stokes,Center,26,TOR,4,0,0.5,1.0,0.8
3264,1997,regular,Johnny Taylor,Small Forward,23,ORL,12,0,0.7,1.8,3.2
3265,1997,regular,Maurice Taylor,Power Forward,21,LAC,71,3,1.5,3.1,11.5
3270,1997,regular,John Thomas,Power Forward,22,TOT,54,2,0.9,1.8,2.8
3274,1997,regular,Tim Thomas,Small Forward,20,PHI,77,48,1.5,2.4,11.0
3285,1997,regular,Keith Van Horn,Power Forward,22,NJN,62,62,2.6,3.5,19.7
3290,1997,regular,Jacque Vaughn,Point Guard,22,UTA,45,0,1.2,1.4,3.1
3302,1997,regular,Eric Washington,Shooting Guard,23,DEN,66,36,1.1,2.2,7.7
3308,1997,regular,Bubba Wells,Shooting Guard,23,DAL,39,2,0.8,1.0,3.3
3313,1997,regular,DeJuan Wheat,Point Guard,24,MIN,34,0,0.3,0.4,1.7
3318,1997,regular,Alvin Williams,Shooting Guard,23,TOT,54,13,1.1,1.5,6.0
3321,1997,regular,Brandon Williams,Shooting Guard,22,GSW,9,2,1.0,2.0,4.1
3332,1997,regular,Travis Williams,Small Forward,28,CHH,39,0,0.8,1.4,3.5
3540,1998,regular,Peter Aluma,Center,25,SAC,2,0,1.0,2.0,1.0
3556,1998,regular,Toby Bailey,Shooting Guard,23,PHO,27,10,0.4,0.9,2.9
3557,1998,regular,LaMark Baker,Point Guard,29,TOR,1,0,1.0,0.0,0.0
3569,1998,regular,Corey Benjamin,Point Guard,20,CHI,31,1,0.7,1.5,3.8
3572,1998,regular,Mike Bibby,Point Guard,20,VAN,50,50,2.9,2.4,13.2
3582,1998,regular,Earl Boykins,Point Guard,22,TOT,22,0,0.9,0.9,3.0
3591,1998,regular,Gerald Brown,Shooting Guard,23,PHO,33,0,0.7,0.6,2.4
3611,1998,regular,Cory Carr,Shooting Guard,23,CHI,42,7,1.1,1.6,4.1
3612,1998,regular,Vince Carter,Small Forward,22,TOR,50,49,2.2,2.8,18.3
3624,1998,regular,Keon Clark,Center,23,DEN,28,0,0.8,1.9,3.3
3646,1998,regular,Kornél Dávid,Small Forward,27,CHI,50,6,1.0,1.8,6.2
3652,1998,regular,Ricky Davis,Shooting Guard,19,CHH,46,1,1.2,1.0,4.5
3663,1998,regular,Michael Dickerson,Shooting Guard,23,HOU,50,50,1.3,1.8,10.9
3665,1998,regular,Michael Doleac,Center,21,ORL,49,0,0.5,2.4,6.2
3667,1998,regular,Bryce Drew,Point Guard,24,HOU,34,0,0.9,1.8,3.5
3695,1998,regular,Marlon Garnett,Point Guard,23,BOS,24,0,0.5,0.8,2.1
3697,1998,regular,Pat Garrity,Power Forward,22,PHO,39,9,0.5,1.6,5.6
3709,1998,regular,Paul Grant,Center,25,TOT,6,0,0.3,0.7,0.7
3721,1998,regular,Matt Harpring,Small Forward,22,ORL,50,22,1.5,2.2,8.2
3722,1998,regular,Al Harrington,Power Forward,18,IND,21,0,0.5,1.2,2.1
3729,1998,regular,J.R. Henderson,Small Forward,22,VAN,30,0,0.6,1.0,3.2
3748,1998,regular,Larry Hughes,Point Guard,20,PHI,50,1,1.4,1.9,9.1
3756,1998,regular,Randell Jackson,Power Forward,23,WAS,27,8,1.0,1.1,4.2
3757,1998,regular,Sam Jacobson,Point Guard,23,LAL,2,0,0.5,1.0,4.0
3758,1998,regular,Jerome James,Center,23,SAC,16,0,0.6,0.7,1.5
3759,1998,regular,Antawn Jamison,Small Forward,22,GSW,47,24,1.4,2.2,9.6
3766,1998,regular,Damon Jones,Point Guard,22,TOT,24,0,0.7,1.0,5.2
3777,1998,regular,Jonathan Kerner,Center,24,ORL,1,0,0.0,2.0,0.0
3782,1998,regular,Gerard King,Small Forward,26,SAS,19,0,0.2,0.6,1.2
3790,1998,regular,Raef LaFrentz,Center,22,DEN,12,12,0.8,3.2,13.8
3796,1998,regular,Rashard Lewis,Small Forward,19,SEA,20,7,1.0,1.0,2.4
3800,1998,regular,Felipe López,Shooting Guard,24,VAN,47,32,1.7,2.7,9.3
3801,1998,regular,Tyronn Lue,Point Guard,21,LAL,15,0,0.7,1.9,5.0
3816,1998,regular,Sean Marks,Power Forward,23,TOR,8,0,0.4,0.4,1.4
3823,1998,regular,Kelly McCarty,Shooting Guard,23,DEN,2,0,1.0,0.0,2.0
3826,1998,regular,Jelani McCoy,Center,21,SEA,26,0,0.4,1.6,5.1
3833,1998,regular,Roshown McLeod,Small Forward,23,ATL,34,0,0.7,0.7,4.8
3838,1998,regular,Brad Miller,Center,22,CHH,38,0,0.8,1.7,6.3
3845,1998,regular,Cuttino Mobley,Point Guard,23,HOU,49,37,1.6,2.0,9.9
3846,1998,regular,Nazr Mohammed,Center,21,PHI,26,0,0.5,0.8,1.6
3848,1998,regular,Mikki Moore,Center,23,DET,2,0,0.0,0.0,2.0
3857,1998,regular,Makhtar N'Diaye,Power Forward,25,VAN,4,0,0.3,2.3,1.3
3859,1998,regular,Tyrone Nesby,Small Forward,23,LAC,50,36,1.1,2.9,10.1
3860,1998,regular,Rasho Nesterović,Center,22,MIN,2,0,0.5,2.5,4.0
3863,1998,regular,Dirk Nowitzki,Power Forward,20,DAL,47,24,1.6,2.2,8.2
3873,1998,regular,Michael Olowokandi,Center,23,LAC,45,36,1.9,3.0,8.9
3884,1998,regular,Andrae Patterson,Power Forward,23,MIN,35,0,0.6,1.8,3.3
3885,1998,regular,Ruben Patterson,Small Forward,23,LAL,24,2,0.5,0.7,2.7
3897,1998,regular,Paul Pierce,Small Forward,21,BOS,48,47,2.4,2.9,16.5
3950,1998,regular,Casey Shaw,Center,23,PHI,9,0,0.2,0.2,0.2
3951,1998,regular,Jeff Sheppard,Shooting Guard,24,ATL,18,5,0.4,0.7,2.2
3952,1998,regular,Miles Simon,Shooting Guard,23,ORL,5,0,0.6,0.2,0.4
3954,1998,regular,Alvin Sims,Shooting Guard,24,PHO,4,0,1.5,0.5,2.8
3955,1998,regular,Brian Skinner,Power Forward,22,LAC,21,0,0.9,1.0,4.1
3965,1998,regular,Ryan Stack,Power Forward,23,CLE,18,0,0.5,1.7,2.6
3968,1998,regular,Vladimir Stepania,Center,22,SEA,23,6,1.4,2.5,5.5
3972,1998,regular,Peja Stojaković,Small Forward,21,SAC,48,1,1.1,0.9,8.4
3978,1998,regular,Bruno Šundov,Center,18,DAL,3,0,0.3,1.3,1.3
3988,1998,regular,Robert Traylor,Center,21,MIL,49,43,0.9,2.9,5.3
4007,1998,regular,Bonzi Wells,Small Forward,22,POR,7,0,0.9,0.7,4.4
4013,1998,regular,Tyson Wheeler,Point Guard,23,DEN,1,0,0.0,1.0,4.0
4014,1998,regular,Jahidi White,Power Forward,22,WAS,20,0,0.8,2.0,2.5
4024,1998,regular,Jason Williams,Point Guard,23,SAC,50,50,2.9,1.8,12.8
4032,1998,regular,Shammond Williams,Point Guard,23,ATL,2,0,0.0,0.0,1.5
4038,1998,regular,Trevor Winter,Center,25,MIN,1,0,0.0,5.0,0.0
4042,1998,regular,Korleone Young,Small Forward,20,DET,3,0,0.3,1.0,4.3
4238,1999,regular,Rafer Alston,Point Guard,23,MIL,27,0,1.1,1.1,2.2
4248,1999,regular,Chucky Atkins,Point Guard,25,ORL,82,0,1.7,1.7,9.5
4252,1999,regular,William Avery,Point Guard,20,MIN,59,1,0.7,1.0,2.6
4263,1999,regular,Jonathan Bender,Small Forward,19,IND,24,1,0.3,0.8,2.7
4276,1999,regular,Calvin Booth,Center,23,WAS,11,0,0.5,2.1,3.8
4277,1999,regular,Lazaro Borrell,Small Forward,27,SEA,17,6,0.4,0.5,3.6
4278,1999,regular,Cal Bowdler,Small Forward,22,ATL,46,0,0.5,1.0,2.7
4282,1999,regular,Ryan Bowen,Small Forward,24,DEN,52,0,0.3,1.8,2.5
4283,1999,regular,Ira Bowman,Shooting Guard,26,PHI,11,0,0.1,0.0,0.5
4288,1999,regular,A.J. Bramlett,Center,23,CLE,8,0,0.4,1.6,1.0
4289,1999,regular,Elton Brand,Power Forward,20,CHI,81,80,2.8,3.2,20.1
4301,1999,regular,Greg Buckner,Shooting Guard,23,DAL,48,1,0.8,3.1,5.7
4303,1999,regular,Rodney Buford,Shooting Guard,22,MIA,34,0,0.3,1.3,4.3
4314,1999,regular,Anthony Carter,Point Guard,24,MIA,79,30,2.2,2.1,6.3
4320,1999,regular,John Celestand,Point Guard,22,LAL,16,0,1.0,1.4,2.3
4339,1999,regular,Vonteego Cummings,Point Guard,23,GSW,75,11,1.8,2.3,9.4
4351,1999,regular,Baron Davis,Point Guard,20,CHH,82,0,1.7,2.5,5.9
4362,1999,regular,Derrick Dial,Shooting Guard,24,SAS,8,0,0.8,1.3,5.0
4371,1999,regular,Obinna Ekezie,Power Forward,24,VAN,39,0,0.7,1.6,3.2
4379,1999,regular,Evan Eschmeyer,Center,24,NJN,31,5,0.7,2.7,2.9
4388,1999,regular,Jeff Foster,Center,23,IND,19,0,0.1,0.9,2.3
4391,1999,regular,Steve Francis,Point Guard,22,HOU,77,77,4.0,3.0,18.0
4402,1999,regular,Devean George,Small Forward,22,LAL,49,1,0.4,1.1,3.2
4405,1999,regular,Dion Glover,Shooting Guard,21,ATL,30,1,0.9,0.9,6.5
4411,1999,regular,Adrian Griffin,Shooting Guard,25,BOS,72,47,1.3,3.1,6.7
4414,1999,regular,Richard Hamilton,Shooting Guard,21,WAS,71,12,1.2,2.0,9.0
4432,1999,regular,Chris Herren,Point Guard,24,DEN,45,1,0.9,1.6,3.1
4436,1999,regular,Derek Hood,Power Forward,23,CHH,2,0,0.0,0.0,0.0
4445,1999,regular,Rick Hughes,Power Forward,26,DAL,21,0,0.7,1.4,3.9
4450,1999,regular,Jermaine Jackson,Shooting Guard,23,DET,7,0,1.0,1.0,1.0
4457,1999,regular,Tim James,Small Forward,23,MIA,4,0,0.5,0.3,2.8
4459,1999,regular,Harold Jamison,Power Forward,23,MIA,12,0,0.3,1.4,1.5
4464,1999,regular,DeMarco Johnson,Power Forward,24,NYK,5,0,0.6,1.0,1.2
4473,1999,regular,Jumaine Jones,Small Forward,20,PHI,33,0,0.4,0.3,1.7
4480,1999,regular,Lari Ketner,Power Forward,22,TOT,22,0,0.5,0.9,1.5
4498,1999,regular,Trajan Langdon,Shooting Guard,23,CLE,10,0,0.6,1.6,4.9
4502,1999,regular,Quincy Lewis,Shooting Guard,22,UTA,74,0,0.6,2.1,3.8
4510,1999,regular,Todd MacCulloch,Center,24,PHI,56,6,0.5,1.7,3.7
4513,1999,regular,Corey Maggette,Small Forward,20,ORL,77,5,1.8,2.2,8.4
4519,1999,regular,Shawn Marion,Small Forward,21,PHO,51,38,1.0,2.2,10.2
4541,1999,regular,Andre Miller,Point Guard,23,CLE,82,36,2.0,2.4,11.1
4548,1999,regular,Jason Miskiri,Point Guard,24,CHH,1,0,0.0,2.0,0.0
4570,1999,regular,Lamar Odom,Small Forward,20,LAC,76,70,3.4,3.8,16.6
4581,1999,regular,Scott Padgett,Power Forward,23,UTA,47,9,0.5,1.2,2.6
4582,1999,regular,Milt Palacio,Point Guard,21,VAN,53,0,0.8,0.6,2.0
4601,1999,regular,James Posey,Small Forward,23,DEN,81,77,1.2,2.6,8.2
4604,1999,regular,Laron Profit,Shooting Guard,22,WAS,33,1,0.6,0.8,1.5
4605,1999,regular,Aleksandar Radojević,Center,23,TOR,3,0,1.7,1.7,2.3
4619,1999,regular,Ryan Robertson,Shooting Guard,23,SAC,1,0,0.0,0.0,5.0
4622,1999,regular,Eddie Robinson,Small Forward,23,CHH,67,8,0.6,1.0,7.0
4631,1999,regular,Michael Ruffin,Power Forward,23,CHI,71,6,0.8,2.4,2.2
4666,1999,regular,Wally Szczerbiak,Small Forward,22,MIN,73,53,1.1,2.4,11.6
4672,1999,regular,Jason Terry,Point Guard,22,ATL,81,27,1.9,1.6,8.1
4673,1999,regular,Jamel Thomas,Small Forward,26,TOT,7,0,0.7,0.3,2.4
4677,1999,regular,Kenny Thomas,Power Forward,22,HOU,72,29,1.6,2.3,8.3
4683,1999,regular,Mirsad Türkcan,Power Forward,23,TOT,17,0,0.5,0.8,1.9
4686,1999,regular,Wayne Turner,Point Guard,23,BOS,3,0,1.0,1.3,1.3
4720,1999,regular,Dedric Willoughby,Point Guard,25,CHI,25,1,1.5,1.3,7.6
4725,1999,regular,Metta World Peace,Small Forward,20,CHI,72,63,2.3,2.2,12.0
4727,1999,regular,Tim Young,Center,23,GSW,25,0,0.4,0.7,2.2
4913,2000,regular,Courtney Alexander,Point Guard,23,TOT,65,24,1.2,2.1,9.5
4929,2000,regular,Dalibor Bagarić,Center,20,CHI,35,0,0.6,1.3,1.3
4931,2000,regular,Erick Barkley,Point Guard,22,POR,8,0,0.6,0.3,2.4
4936,2000,regular,Raja Bell,Shooting Guard,24,PHI,5,0,0.4,0.2,1.0
4947,2000,regular,Mark Blount,Center,25,BOS,64,50,1.0,2.9,3.9
4980,2000,regular,Brian Cardinal,Power Forward,23,DET,15,0,0.6,1.8,2.1
4998,2000,regular,Mateen Cleaves,Point Guard,23,DET,78,8,1.8,2.0,5.4
5002,2000,regular,Jason Collier,Center,23,HOU,23,0,0.5,1.2,3.1
5003,2000,regular,Sean Colson,Point Guard,25,TOT,13,0,0.2,0.5,1.2
5008,2000,regular,Jamal Crawford,Point Guard,20,CHI,61,8,1.4,1.1,4.6
5041,2000,regular,Keyon Dooling,Point Guard,20,LAC,76,1,1.2,1.4,5.9
5052,2000,regular,Khalid El-Amin,Point Guard,21,CHI,50,14,1.1,2.0,6.3
5063,2000,regular,Marcus Fizer,Power Forward,22,CHI,72,13,1.7,2.4,9.5
5072,2000,regular,Rubén Garcés,Power Forward,27,TOT,13,0,0.4,1.1,1.2
5082,2000,regular,Eddie Gill,Point Guard,22,NJN,8,0,1.3,1.1,4.9
5086,2000,regular,Steve Goodrich,Power Forward,24,CHI,12,0,0.7,1.2,1.6
5093,2000,regular,A.J. Guyton,Point Guard,22,CHI,33,8,0.7,1.1,6.0
5096,2000,regular,Zendon Hamilton,Center,25,LAC,3,0,0.7,1.3,3.0
5107,2000,regular,Jason Hart,Point Guard,22,MIL,1,0,2.0,0.0,2.0
5109,2000,regular,Donnell Harvey,Power Forward,20,DAL,18,0,0.4,0.8,1.2
5119,2000,regular,Eddie House,Point Guard,22,MIA,50,0,0.7,1.2,5.0
5134,2000,regular,Marc Jackson,Center,26,GSW,48,35,1.9,2.9,13.2
5138,2000,regular,Stephen Jackson,Small Forward,22,NJN,77,40,1.7,2.2,8.2
5146,2000,regular,DerMarr Johnson,Small Forward,20,ATL,78,21,1.2,1.7,5.1
5153,2000,regular,Garth Joseph,Center,27,TOT,4,0,0.5,0.3,0.5
5175,2000,regular,Dan Langhi,Small Forward,23,HOU,33,0,0.2,0.5,2.7
5180,2000,regular,Art Long,Small Forward,28,SAC,9,0,0.2,0.6,0.0
5190,2000,regular,Mark Madsen,Power Forward,25,LAL,70,3,0.4,1.6,2.0
5192,2000,regular,Jamaal Magloire,Center,22,CHH,74,0,0.8,1.9,4.6
5201,2000,regular,Kenyon Martin,Power Forward,23,NJN,68,68,2.0,4.1,12.0
5204,2000,regular,Desmond Mason,Small Forward,23,SEA,78,14,0.7,1.9,5.9
5210,2000,regular,Dan McClintock,Center,23,DEN,6,1,0.5,1.8,3.0
5222,2000,regular,Paul McPherson,Point Guard,22,TOT,55,0,0.9,1.5,4.8
5225,2000,regular,Stanislav Medvedenko,Power Forward,21,LAL,7,0,0.4,1.3,4.6
5227,2000,regular,Chris Mihm,Center,21,CLE,59,43,1.4,2.6,7.6
5228,2000,regular,Darius Miles,Small Forward,19,LAC,81,21,1.8,2.4,9.4
5235,2000,regular,Mike Miller,Small Forward,20,ORL,82,62,1.2,2.4,11.9
5244,2000,regular,Jérôme Moïso,Center,22,BOS,24,0,0.8,1.2,1.5
5249,2000,regular,Hanno Möttölä,Small Forward,24,ATL,73,3,0.9,2.2,4.4
5259,2000,regular,Mamadou N'Diaye,Center,25,TOR,3,0,0.0,1.0,1.3
5260,2000,regular,Lee Nailon,Small Forward,25,CHH,42,0,0.6,1.4,3.9
5261,2000,regular,Eduardo Nájera,Power Forward,24,DAL,40,4,0.4,1.2,3.3
5267,2000,regular,Ira Newble,Small Forward,26,SAS,27,6,0.3,0.7,2.0
5287,2000,regular,Olumide Oyedeji,Center,19,SEA,30,1,0.4,1.3,1.5
5291,2000,regular,Andy Panko,Small Forward,23,ATL,1,0,0.0,0.0,0.0
5298,2000,regular,Mike Penberthy,Point Guard,26,LAL,53,0,0.6,1.1,5.0
5305,2000,regular,Morris Peterson,Shooting Guard,23,TOR,80,49,1.0,2.1,9.3
5312,2000,regular,Chris Porter,Small Forward,22,GSW,51,35,1.2,2.2,8.6
5315,2000,regular,Lavor Postell,Shooting Guard,22,NYK,26,0,0.7,0.5,2.3
5319,2000,regular,Joel Przybilla,Center,21,MIL,33,13,0.4,1.7,0.8
5322,2000,regular,Michael Redd,Shooting Guard,21,MIL,6,0,0.2,0.3,2.2
5327,2000,regular,Quentin Richardson,Shooting Guard,20,LAC,76,28,0.8,1.3,8.1
5330,2000,regular,Terrance Roberson,Small Forward,24,CHH,3,0,0.7,1.0,0.0
5335,2000,regular,Jamal Robinson,Small Forward,27,MIA,6,0,0.5,1.2,1.0
5348,2000,regular,Soumaila Samake,Center,22,NJN,34,0,0.1,0.7,1.4
5349,2000,regular,Pepe Sánchez,Point Guard,23,TOT,29,0,0.2,0.7,0.7
5352,2000,regular,Daniel Santiago,Center,24,PHO,54,2,0.9,1.9,3.1
5358,2000,regular,Jabari Smith,Center,23,SAC,9,0,0.3,0.8,2.9
5361,2000,regular,Mike Smith,Small Forward,24,WAS,17,0,0.4,0.5,3.0
5370,2000,regular,DeShawn Stevenson,Shooting Guard,19,UTA,40,2,0.7,0.7,2.2
5388,2000,regular,Stromile Swift,Power Forward,21,VAN,80,6,0.8,2.0,4.9
5391,2000,regular,Dragan Tarlać,Center,27,CHI,43,12,0.9,2.2,2.4
5401,2000,regular,Jake Tsakalidis,Center,21,PHO,57,39,1.2,2.4,4.5
5402,2000,regular,Hedo Türkoğlu,Small Forward,21,SAC,74,7,0.7,1.9,5.3
5405,2000,regular,David Vanterpool,Point Guard,27,WAS,22,0,1.7,2.0,5.5
5410,2000,regular,Jake Voskuhl,Center,23,CHI,16,2,0.8,2.4,1.9
5442,2000,regular,Rubén Wolkowyski,Power Forward,27,SEA,34,1,0.4,1.1,2.2
5445,2000,regular,Wang Zhizhi,Center,23,DAL,5,0,0.2,1.6,4.8
5642,2001,regular,Malik Allen,Power Forward,23,MIA,12,2,0.2,1.3,4.3
5646,2001,regular,Chris Andersen,Center,23,DEN,24,1,0.5,1.5,3.0
5654,2001,regular,Gilbert Arenas,Point Guard,20,GSW,47,30,2.1,2.4,10.9
5655,2001,regular,Brandon Armstrong,Shooting Guard,21,NJN,35,0,0.2,0.7,1.8
5657,2001,regular,Carlos Arroyo,Point Guard,22,TOT,37,1,0.6,0.8,3.0
5670,2001,regular,Mengke Bateer,Center,26,DEN,27,10,1.2,3.5,5.1
5672,2001,regular,Shane Battier,Small Forward,23,MEM,78,78,2.0,2.8,14.4
5673,2001,regular,Charlie Bell,Shooting Guard,22,TOT,7,0,0.7,0.4,1.1
5687,2001,regular,Ruben Boumtje-Boumtje,Center,23,POR,33,1,0.4,1.2,1.2
5693,2001,regular,Michael Bradley,Power Forward,22,TOR,26,0,0.2,0.4,1.2
5697,2001,regular,Jamison Brewer,Shooting Guard,21,IND,13,0,0.2,0.2,0.3
5698,2001,regular,Primož Brezec,Center,22,IND,22,4,0.3,1.3,2.0
5700,2001,regular,Damone Brown,Small Forward,22,PHI,17,0,0.5,0.6,1.4
5702,2001,regular,Ernest Brown,Center,22,MIA,3,0,1.0,1.3,1.0
5703,2001,regular,Kedrick Brown,Small Forward,20,BOS,29,5,0.2,0.6,2.2
5704,2001,regular,Kwame Brown,Power Forward,19,WAS,57,3,0.8,1.8,4.5
5707,2001,regular,Tierre Brown,Shooting Guard,22,HOU,40,1,1.0,0.7,3.1
5726,2001,regular,Tyson Chandler,Center,19,CHI,71,31,1.4,2.5,6.1
5731,2001,regular,Speedy Claxton,Point Guard,23,PHI,67,18,1.4,2.2,7.2
5736,2001,regular,Jarron Collins,Center,23,UTA,70,68,0.8,3.3,6.4
5737,2001,regular,Jason Collins,Center,23,NJN,77,9,0.9,2.2,4.5
5740,2001,regular,Joe Crispin,Point Guard,22,TOT,21,0,0.5,0.5,3.8
5747,2001,regular,Eddy Curry,Center,19,CHI,72,31,1.0,2.4,6.7
5749,2001,regular,Samuel Dalembert,Center,20,PHI,34,0,0.4,0.9,1.5
5767,2001,regular,DeSagana Diop,Center,20,CLE,18,1,0.7,1.1,1.4
5772,2001,regular,Predrag Drobnjak,Center,26,SEA,64,12,0.8,1.7,6.8
5779,2001,regular,Maurice Evans,Shooting Guard,23,MIN,10,0,0.2,0.9,2.1
5785,2001,regular,Isaac Fontaine,Shooting Guard,26,MEM,6,0,0.7,1.0,1.8
5786,2001,regular,Alton Ford,Power Forward,20,PHO,53,0,0.6,1.9,3.1
5787,2001,regular,Joseph Forte,Shooting Guard,20,BOS,8,0,0.4,0.1,0.8
5791,2001,regular,Antonis Fotsis,Power Forward,20,MEM,28,1,0.8,0.8,3.9
5792,2001,regular,Tremaine Fowlkes,Small Forward,25,LAC,22,17,0.6,1.8,3.4
5802,2001,regular,Pau Gasol,Center,21,MEM,82,79,2.7,2.4,17.6
5813,2001,regular,Eddie Griffin,Power Forward,19,HOU,73,24,0.6,1.6,8.8
5818,2001,regular,Tang Hamilton,Small Forward,23,MIA,9,2,0.2,1.1,2.2
5833,2001,regular,Trenton Hassell,Shooting Guard,22,CHI,78,47,1.3,2.4,8.7
5834,2001,regular,Kirk Haston,Power Forward,22,CHH,15,0,0.2,0.6,1.7
5835,2001,regular,Brendan Haywood,Center,22,WAS,62,2,0.8,2.5,5.1
5850,2001,regular,Steven Hunter,Center,20,ORL,53,21,0.3,1.5,3.6
5863,2001,regular,Mike James,Point Guard,26,MIA,15,0,0.9,1.1,2.8
5867,2001,regular,Richard Jefferson,Small Forward,21,NJN,79,9,1.4,2.7,9.4
5874,2001,regular,Joe Johnson,Shooting Guard,20,TOT,77,60,0.9,1.5,7.5
5877,2001,regular,Alvin Jones,Center,23,PHI,23,2,0.5,1.5,1.1
5886,2001,regular,Andrei Kirilenko,Small Forward,20,UTA,82,40,1.3,1.9,10.7
5954,2001,regular,Terence Morris,Small Forward,23,HOU,68,12,0.7,1.1,3.8
5957,2001,regular,Troy Murphy,Power Forward,21,GSW,82,4,1.0,2.6,5.9
5976,2001,regular,Dean Oliver,Point Guard,23,GSW,20,0,0.6,0.8,2.1
5992,2001,regular,Tony Parker,Point Guard,19,SAS,77,72,2.0,2.2,9.2
6012,2001,regular,Vladimir Radmanović,Power Forward,21,SEA,61,16,1.2,2.0,6.7
6013,2001,regular,Zach Randolph,Power Forward,20,POR,41,0,0.4,0.7,2.8
6015,2001,regular,Željko Rebrača,Center,29,DET,74,4,1.1,2.6,6.9
6022,2001,regular,Jason Richardson,Shooting Guard,21,GSW,80,75,2.0,2.4,14.4
6023,2001,regular,Norm Richardson,Shooting Guard,22,TOT,11,0,0.3,0.5,2.7
6046,2001,regular,Jeryl Sasser,Shooting Guard,22,ORL,7,0,0.3,0.4,1.4
6047,2001,regular,Kenny Satterfield,Point Guard,20,DEN,36,4,1.5,1.2,5.3
6048,2001,regular,Brian Scalabrine,Power Forward,23,NJN,28,0,0.9,1.4,2.1
6050,2001,regular,Ansu Sesay,Small Forward,25,SEA,9,0,0.2,2.0,6.4
6052,2001,regular,Bobby Simmons,Small Forward,21,WAS,30,3,0.5,1.0,3.7
6063,2001,regular,Leon Smith,Center,21,ATL,14,0,0.2,0.9,2.2
6066,2001,regular,Will Solomon,Shooting Guard,23,MEM,62,4,1.0,1.2,5.2
6086,2001,regular,Etan Thomas,Center,23,WAS,47,0,0.6,1.6,4.3
6090,2001,regular,Jamaal Tinsley,Point Guard,23,IND,80,78,3.4,3.1,9.4
6091,2001,regular,Óscar Torres,Shooting Guard,25,HOU,65,13,0.8,1.0,6.0
6094,2001,regular,Jeff Trepagnier,Shooting Guard,22,CLE,12,0,0.9,0.7,1.5
6101,2001,regular,Ratko Varda,Center,22,DET,1,0,1.0,3.0,5.0
6107,2001,regular,Gerald Wallace,Small Forward,19,SAC,54,1,0.4,0.9,3.2
6111,2001,regular,Earl Watson,Point Guard,22,SEA,64,0,0.8,1.5,3.6
6117,2001,regular,Rodney White,Small Forward,21,DET,16,0,0.9,0.4,3.5
6130,2001,regular,Loren Woods,Center,23,MIN,60,0,0.6,1.0,1.8
6337,2002,regular,Robert Archibald,Power Forward,22,MEM,12,0,0.6,0.8,1.6
6348,2002,regular,Maceo Baston,Power Forward,27,TOR,16,0,0.4,1.0,2.5
6350,2002,regular,Mike Batiste,Power Forward,25,MEM,75,2,0.9,1.6,6.4
6353,2002,regular,Lonny Baxter,Center,24,CHI,55,0,0.8,2.5,4.8
6365,2002,regular,Carlos Boozer,Power Forward,21,CLE,81,54,1.3,2.8,10.0
6373,2002,regular,J.R. Bremer,Point Guard,22,BOS,64,41,0.9,1.3,8.3
6377,2002,regular,Devin Brown,Shooting Guard,24,TOT,10,2,0.9,1.4,3.0
6392,2002,regular,Pat Burke,Center,29,ORL,62,8,0.8,1.6,4.3
6393,2002,regular,Caron Butler,Small Forward,22,MIA,78,78,2.5,2.9,15.4
6394,2002,regular,Rasual Butler,Shooting Guard,23,MIA,72,28,1.1,1.5,7.5
6435,2002,regular,Dan Dickau,Point Guard,24,ATL,50,0,1.1,1.3,3.7
6439,2002,regular,Juan Dixon,Point Guard,24,WAS,42,3,1.0,1.3,6.4
6446,2002,regular,Mike Dunleavy,Small Forward,22,GSW,82,3,1.0,1.5,5.7
6449,2002,regular,Melvin Ely,Center,24,LAC,52,7,1.0,1.8,4.5
6451,2002,regular,Reggie Evans,Power Forward,22,SEA,67,60,0.8,2.6,3.2
6466,2002,regular,Dan Gadzuric,Center,24,MIL,49,30,0.6,2.6,3.4
6472,2002,regular,Manu Ginóbili,Shooting Guard,25,SAS,69,5,1.4,2.5,7.6
6473,2002,regular,Gordan Giriček,Power Forward and Small Forward,25,TOT,76,62,1.9,2.1,12.3
6480,2002,regular,Drew Gooden,Power Forward and Small Forward,21,TOT,70,47,2.1,2.5,12.5
6489,2002,regular,Marcus Haislip,Power Forward,22,MIL,39,8,0.5,1.4,4.1
6496,2002,regular,Adam Harrington,Shooting Guard,22,TOT,19,0,0.1,0.4,1.6
6500,2002,regular,Junior Harrington,Point Guard,22,DEN,82,51,1.9,3.0,5.1
6507,2002,regular,Juaquin Hawkins,Shooting Guard,29,HOU,58,10,0.5,1.0,2.3
6510,2002,regular,Nenê Hilário,Center,20,DEN,80,53,2.3,3.7,10.5
6521,2002,regular,Nate Huffman,Center,27,TOR,7,0,0.4,1.9,3.3
6523,2002,regular,Ryan Humphrey,Power Forward,23,TOT,48,1,0.5,1.6,1.9
6538,2002,regular,Casey Jacobsen,Small Forward,21,PHO,72,0,0.8,1.3,5.1
6542,2002,regular,Marko Jarić,Small Forward,24,LAC,66,12,1.6,1.9,7.4
6543,2002,regular,Chris Jefferies,Small Forward,22,TOR,51,10,0.9,1.1,3.9
6545,2002,regular,Jared Jeffries,Small Forward,21,WAS,20,1,1.1,1.4,4.0
6550,2002,regular,Ken Johnson,Center,24,MIA,16,0,0.4,1.3,2.0
6553,2002,regular,Fred Jones,Shooting Guard,23,IND,19,1,0.3,0.7,1.2
6567,2002,regular,Sean Lampley,Small Forward,23,MIA,35,0,0.7,1.2,4.8
6579,2002,regular,Tito Maddox,Shooting Guard,21,HOU,9,0,0.3,0.4,1.2
6597,2002,regular,Roger Mason,Small Forward,22,CHI,17,0,0.3,1.2,1.8
6616,2002,regular,Yao Ming*,Center,22,HOU,82,72,2.1,2.8,13.5
6625,2002,regular,Ronald Murray,Shooting Guard,23,TOT,14,0,0.6,0.0,1.9
6631,2002,regular,Boštjan Nachbar,Small Forward,22,HOU,14,1,0.4,0.9,2.1
6643,2002,regular,Mehmet Okur,Power Forward,23,DET,72,9,0.9,2.3,6.9
6651,2002,regular,Chris Owens,Small Forward,23,MEM,1,0,1.0,0.0,4.0
6656,2002,regular,Jannero Pargo,Point Guard,23,LAL,34,0,0.7,1.3,2.5
6657,2002,regular,Smush Parker,Point Guard,21,CLE,66,18,2.0,1.6,6.2
6676,2002,regular,Tayshaun Prince,Small Forward,22,DET,42,5,0.5,0.6,3.3
6679,2002,regular,Igor Rakočević,Point Guard,24,MIN,42,0,0.5,0.6,1.9
6685,2002,regular,Efthimi Rentzias,Center,27,PHI,35,0,0.1,0.6,1.5
6689,2002,regular,Antoine Rigaudeau,Shooting Guard,31,DAL,11,0,0.5,1.0,1.5
6698,2002,regular,Guy Rucker,Power Forward,25,GSW,3,0,0.0,0.3,0.0
6699,2002,regular,Kareem Rush,Point Guard,22,LAL,76,0,0.8,0.9,3.0
6702,2002,regular,John Salmons,Point Guard,23,PHI,64,1,0.5,0.8,2.1
6704,2002,regular,Jamal Sampson,Power Forward,19,MIL,5,0,0.0,0.0,0.0
6710,2002,regular,Predrag Savović,Shooting Guard,26,DEN,27,0,0.8,1.2,3.1
6714,2002,regular,Paul Shirley,Power Forward,25,ATL,2,0,0.0,0.0,0.0
6718,2002,regular,Tamar Slay,Shooting Guard,22,NJN,36,0,0.6,0.9,2.6
6731,2002,regular,Amar'e Stoudemire,Power Forward,20,PHO,82,71,2.3,3.3,13.5
6752,2002,regular,Cezary Trybański,Center,23,MEM,15,0,0.5,0.9,0.9
6754,2002,regular,Nikoloz Tskitishvili,Small Forward,19,DEN,81,16,1.0,1.7,3.9
6760,2002,regular,Dajuan Wagner,Shooting Guard,19,CLE,47,24,1.8,2.3,13.4
6771,2002,regular,Jiří Welsch,Small Forward,23,GSW,37,0,0.5,0.9,1.6
6778,2002,regular,Chris Wilcox,Power Forward,20,LAC,46,3,0.6,1.4,3.7
6779,2002,regular,Mike Wilks,Power Forward and Small Forward,23,TOT,46,7,0.6,1.5,3.2
6786,2002,regular,Frank Williams,Point Guard,22,NYK,21,0,0.8,1.0,1.3
6788,2002,regular,Jay Williams,Point Guard,21,CHI,75,54,2.3,2.4,9.5
6800,2002,regular,Qyntel Woods,Power Forward,21,POR,53,0,0.4,0.7,2.4
6803,2002,regular,Vincent Yarbrough,Shooting Guard,21,DEN,59,39,1.4,2.5,6.9
7002,2003,regular,Carmelo Anthony,Small Forward,19,DEN,82,82,3.0,2.7,21.0
7018,2003,regular,Marcus Banks,Point Guard,22,BOS,81,2,1.5,2.1,5.9
7019,2003,regular,Leandro Barbosa,Point Guard,21,PHO,70,46,1.7,2.6,7.9
7020,2003,regular,Matt Barnes,Small Forward,23,LAC,38,9,1.2,2.0,4.5
7033,2003,regular,Jerome Beasley,Power Forward,23,MIA,2,0,0.0,0.0,1.0
7035,2003,regular,Troy Bell,Point Guard,23,MEM,6,0,1.0,1.0,1.8
7040,2003,regular,Steve Blake,Point Guard,23,WAS,75,14,1.7,1.3,5.9
7045,2003,regular,Keith Bogans,Small Forward,23,ORL,73,36,1.0,1.8,6.8
7048,2003,regular,Curtis Borchardt,Center,23,UTA,16,0,1.1,2.5,3.6
7049,2003,regular,Chris Bosh,Center,19,TOR,75,63,1.4,2.9,11.5
7058,2003,regular,Torraye Braggs,Power Forward,27,TOT,15,0,0.9,1.9,2.7
7084,2003,regular,Žarko Čabarkapa,Power Forward,22,PHO,49,4,1.1,1.5,4.1
7088,2003,regular,Matt Carroll,Shooting Guard,23,TOT,16,0,0.4,0.5,1.2
7092,2003,regular,Maurice Carter,Shooting Guard,27,TOT,10,0,0.9,1.0,4.2
7109,2003,regular,Brian Cook,Center,23,LAL,35,2,0.5,1.8,4.4
7110,2003,regular,Omar Cook,Point Guard,22,POR,17,0,0.6,0.8,0.8
7119,2003,regular,Marquis Daniels,Shooting Guard,23,DAL,56,15,0.8,0.9,8.5
7128,2003,regular,Josh Davis,Power Forward,23,ATL,4,1,0.5,0.8,1.3
7135,2003,regular,Boris Diaw,Shooting Guard,21,ATL,76,37,1.7,2.5,4.5
7139,2003,regular,Kaniel Dickens,Power Forward,25,POR,3,0,0.3,1.0,2.3
7151,2003,regular,Ronald Dupree,Small Forward,23,CHI,47,8,1.1,2.9,6.2
7152,2003,regular,Ndudi Ebi,Small Forward,19,MIN,17,0,0.2,0.4,0.8
7156,2003,regular,Francisco Elson,Center,27,DEN,62,14,0.6,2.3,3.5
7159,2003,regular,Desmond Ferguson,Small Forward,26,POR,7,0,0.1,0.0,1.9
7164,2003,regular,T.J. Ford,Point Guard,20,MIL,55,55,2.5,2.2,7.1
7170,2003,regular,Richie Frahm,Small Forward,26,SEA,54,0,0.1,0.9,3.4
7172,2003,regular,Hiram Fuller,Power Forward,22,ATL,4,0,1.0,1.3,2.0
7174,2003,regular,Reece Gaines,Point Guard,23,ORL,38,1,0.5,0.6,1.8
7175,2003,regular,Alex Garcia,Shooting Guard,23,SAS,2,0,0.5,0.0,1.5
7196,2003,regular,Willie Green,Shooting Guard,22,PHI,53,0,1.1,1.6,6.9
7205,2003,regular,Ben Handlogten,Center,30,UTA,17,0,0.6,1.9,4.0
7206,2003,regular,Travis Hansen,Small Forward,25,ATL,41,4,0.4,1.6,3.0
7218,2003,regular,Udonis Haslem,Power Forward,23,MIA,75,24,1.0,2.6,7.3
7220,2003,regular,Jarvis Hayes,Small Forward,22,WAS,70,42,1.6,2.2,9.6
7226,2003,regular,Kirk Hinrich,Point Guard,23,CHI,76,66,2.7,3.6,12.0
7231,2003,regular,Josh Howard,Small Forward,23,DAL,67,29,1.0,2.5,8.6
7236,2003,regular,Brandon Hunter,Power Forward,23,BOS,36,12,0.6,1.1,3.5
7248,2003,regular,LeBron James,Shooting Guard,19,CLE,79,79,3.5,1.9,20.9
7259,2003,regular,Britton Johnsen,Center,24,ORL,20,4,0.7,1.4,2.1
7265,2003,regular,Linton Johnson,Small Forward,23,CHI,41,20,0.9,2.2,4.2
7266,2003,regular,Dahntay Jones,Shooting Guard,23,MEM,20,0,0.6,1.2,1.8
7270,2003,regular,James Jones,Small Forward,23,IND,6,0,0.0,0.2,1.2
7273,2003,regular,Chris Kaman,Center,21,LAC,82,61,1.9,2.6,6.1
7274,2003,regular,Jason Kapono,Small Forward,22,CLE,41,3,0.5,1.0,3.5
7282,2003,regular,Kyle Korver,Small Forward,22,PHI,74,0,0.6,1.4,4.5
7286,2003,regular,Maciej Lampe,Center,18,PHO,21,0,0.7,1.3,4.6
7296,2003,regular,Raül López,Point Guard,23,UTA,82,11,2.1,2.4,7.0
7329,2003,regular,Keith McLeod,Point Guard,24,MIN,33,0,0.9,1.2,2.7
7338,2003,regular,Darko Miličić,Center,18,DET,34,0,0.4,1.0,1.4
7384,2003,regular,Travis Outlaw,Power Forward,19,POR,8,0,0.1,0.1,1.0
7388,2003,regular,Zaza Pachulia,Center,19,ORL,59,2,0.6,1.5,3.3
7399,2003,regular,Sasha Pavlović,Small Forward,20,UTA,79,14,0.8,2.4,4.8
7402,2003,regular,Desmond Penigar,Power Forward,22,ORL,10,0,0.6,1.4,3.2
7403,2003,regular,Kirk Penney,Shooting Guard,23,MIA,2,0,1.5,0.5,1.5
7404,2003,regular,Kendrick Perkins,Center,19,BOS,10,0,0.5,0.6,2.2
7412,2003,regular,Mickaël Piétrus,Point Guard,21,GSW,53,22,0.8,1.9,5.3
7414,2003,regular,Zoran Planinić,Shooting Guard,21,NJN,49,1,0.7,1.4,3.1
7436,2003,regular,Luke Ridnour,Point Guard,22,SEA,69,6,1.2,1.5,5.5
7464,2003,regular,Theron Smith,Small Forward,23,MEM,20,0,0.7,0.9,2.2
7466,2003,regular,Darius Songaila,Power Forward,25,SAC,73,7,0.6,1.7,4.6
7489,2003,regular,Mike Sweetney,Power Forward,21,NYK,42,1,0.8,1.4,4.3
7510,2003,regular,Ime Udoka,Small Forward,26,LAL,4,0,0.8,0.8,2.0
7517,2003,regular,Slavko Vraneš,Center,21,POR,1,0,0.0,1.0,0.0
7518,2003,regular,Dwyane Wade,Point Guard,22,MIA,61,56,3.2,2.3,16.2
7529,2003,regular,Luke Walton,Power Forward,23,LAL,72,2,0.6,1.0,2.4
7543,2003,regular,David West,Power Forward,23,NOH,71,1,0.7,1.6,3.8
7561,2003,regular,Mo Williams,Shooting Guard,21,UTA,57,0,0.9,1.5,5.0
7772,2004,regular,Tony Allen,Shooting Guard,23,BOS,77,34,1.0,2.0,6.4
7783,2004,regular,Rafael Araújo,Center,24,TOR,59,41,0.9,2.7,3.3
7785,2004,regular,Trevor Ariza,Small Forward,19,NYK,80,12,0.9,1.9,5.9
7794,2004,regular,Maurice Baker,Point Guard,25,TOT,5,0,0.2,0.6,0.0
7803,2004,regular,Andre Barrett,Point Guard,22,TOT,38,1,0.7,1.3,3.1
7817,2004,regular,Andris Biedriņš,Center,18,GSW,30,1,0.4,2.9,3.6
7821,2004,regular,Tony Bobbitt,Shooting Guard,25,LAL,2,0,0.0,0.5,2.5
7823,2004,regular,Matt Bonner,Center,24,TOR,82,0,0.5,2.7,7.2
7852,2004,regular,Antonio Burks,Point Guard,24,MEM,24,0,0.5,1.0,3.0
7854,2004,regular,Jackie Butler,Center,19,NYK,3,0,0.3,0.0,3.3
7864,2004,regular,Geno Carlisle,Shooting Guard,28,POR,6,0,0.2,0.2,1.3
7872,2004,regular,Lionel Chalmers,Point Guard,24,LAC,36,0,0.7,0.8,3.1
7875,2004,regular,Josh Childress,Shooting Guard,21,ATL,80,44,1.3,2.3,10.1
7887,2004,regular,Nick Collison,Center,24,SEA,82,4,0.8,3.1,5.6
7897,2004,regular,Erik Daniels,Small Forward,22,SAC,21,0,0.3,0.3,0.6
7909,2004,regular,Carlos Delfino,Shooting Guard,22,DET,30,4,0.8,1.5,3.9
7911,2004,regular,Luol Deng,Small Forward,19,CHI,61,45,1.9,1.6,11.7
7923,2004,regular,Chris Duhon,Point Guard,22,CHI,82,73,1.5,2.5,5.9
7928,2004,regular,Corsley Edwards,Center,25,NOH,10,0,0.2,1.9,2.7
7929,2004,regular,John Edwards,Center,23,IND,25,1,0.3,0.5,1.2
7934,2004,regular,Andre Emmett,Shooting Guard,22,MEM,8,0,0.1,0.5,0.9
7940,2004,regular,Luis Flores,Point Guard,23,TOT,16,0,0.7,0.6,2.2
7949,2004,regular,Matt Freije,Power Forward,23,NOH,23,11,0.7,1.7,4.0
7969,2004,regular,Ben Gordon,Shooting Guard,21,CHI,82,3,2.3,2.7,15.1
7987,2004,regular,Devin Harris,Point Guard,21,DAL,76,19,1.1,1.8,5.7
7989,2004,regular,David Harrison,Center,22,IND,43,14,1.2,3.1,6.1
8007,2004,regular,Dwight Howard,Power Forward,19,ORL,82,82,2.0,2.8,12.0
8013,2004,regular,Kris Humphries,Power Forward,19,UTA,67,4,0.8,1.4,4.1
8017,2004,regular,Andre Iguodala,Shooting Guard,21,PHI,82,82,1.7,2.5,9.0
8019,2004,regular,Didier Ilunga-Mbenga,Center,24,DAL,15,1,0.3,0.9,1.0
8021,2004,regular,Royal Ivey,Point Guard,23,ATL,62,5,0.9,2.3,3.5
8027,2004,regular,Luke Jackson,Small Forward,23,CLE,10,0,0.2,0.4,2.9
8040,2004,regular,Al Jefferson,Power Forward,20,BOS,71,1,0.9,2.7,6.7
8043,2004,regular,Horace Jenkins,Point Guard,30,DET,15,0,0.5,0.4,2.8
8056,2004,regular,Mark Jones,Small Forward,29,ORL,10,0,0.3,1.6,2.3
8059,2004,regular,Mario Kasun,Center,24,ORL,45,0,0.6,1.9,2.6
8060,2004,regular,Viktor Khryapa,Small Forward,22,POR,32,5,1.0,2.5,4.2
8064,2004,regular,Brandin Knight,Point Guard,23,HOU,1,0,0.0,0.0,0.0
8067,2004,regular,Nenad Krstić,Power Forward,21,NJN,75,57,1.5,3.7,10.0
8069,2004,regular,Ibo Kutluay,Shooting Guard,30,SEA,5,0,0.4,0.2,0.0
8078,2004,regular,Shaun Livingston,Point Guard,19,LAC,30,15,2.5,2.7,7.4
8093,2004,regular,Kevin Martin,Point Guard,21,SAC,45,0,0.5,0.8,2.9
8143,2004,regular,Jameer Nelson,Point Guard,22,ORL,79,21,1.5,2.5,8.7
8146,2004,regular,Andrés Nocioni,Small Forward,25,CHI,81,38,1.7,2.6,8.4
8154,2004,regular,Emeka Okafor,Power Forward,22,CHA,73,73,1.7,2.9,15.1
8183,2004,regular,Pavel Podkolzin,Center,20,DAL,5,0,0.4,0.8,0.2
8193,2004,regular,Peter John Ramos,Center,19,WAS,6,0,0.5,0.7,1.8
8198,2004,regular,Justin Reed,Small Forward,23,BOS,23,0,0.2,0.5,1.8
8199,2004,regular,Jared Reiner,Center,22,CHI,19,2,0.5,1.8,1.1
8203,2004,regular,Bernard Robinson,Shooting Guard,24,CHA,31,1,0.6,1.4,3.0
8215,2004,regular,Quinton Ross,Shooting Guard,23,LAC,78,19,0.7,2.1,5.1
8226,2004,regular,Ha Seung-Jin,Center,19,POR,19,0,0.6,1.1,1.4
8233,2004,regular,Donta Smith,Shooting Guard,21,ATL,38,0,0.7,1.3,3.3
8234,2004,regular,J.R. Smith,Shooting Guard,19,NOH,76,56,1.4,1.8,10.3
8237,2004,regular,Josh Smith,Small Forward,19,ATL,74,59,1.8,2.1,9.7
8243,2004,regular,Kirk Snyder,Shooting Guard,21,UTA,68,7,0.9,1.7,5.0
8245,2004,regular,Pape Sow,Center,23,TOR,27,4,0.4,1.7,2.3
8251,2004,regular,Awvee Storey,Shooting Guard,27,NJN,9,0,0.0,0.3,0.9
8259,2004,regular,Robert Swift,Center,19,SEA,16,0,0.3,1.0,0.9
8262,2004,regular,Yuta Tabuse,Point Guard,24,PHO,4,0,0.3,0.3,1.8
8266,2004,regular,Sebastian Telfair,Point Guard,19,POR,68,26,1.8,1.8,6.8
8268,2004,regular,Billy Thomas,Small Forward,29,NJN,25,0,0.4,1.2,3.7
8270,2004,regular,James Thomas,Power Forward,24,TOT,11,2,0.6,1.2,2.4
8286,2004,regular,Beno Udrih,Point Guard,22,SAS,80,2,1.0,1.2,5.9
8291,2004,regular,Anderson Varejão,Power Forward,22,CLE,54,0,0.5,2.3,4.9
8294,2004,regular,Jackson Vroman,Power Forward and Small Forward,23,TOT,46,18,1.4,2.3,4.6
8297,2004,regular,Sasha Vujačić,Shooting Guard,20,LAL,35,3,0.4,1.2,2.9
8322,2004,regular,Delonte West,Shooting Guard,21,BOS,39,7,0.6,1.8,4.5
8328,2004,regular,Damien Wilkins,Small Forward,25,SEA,29,7,0.6,1.9,6.3
8348,2004,regular,Dorell Wright,Small Forward,19,MIA,3,0,1.0,0.7,2.3
8540,2005,regular,Alex Acker,Shooting Guard,23,DET,5,0,0.8,0.8,1.8
8546,2005,regular,Alan Anderson,Small Forward,23,CHA,36,7,0.9,1.3,5.8
8551,2005,regular,Martynas Andriuškevičius,Center,19,CLE,6,0,0.0,0.2,0.0
8577,2005,regular,Earl Barron,Center,24,MIA,8,0,0.6,1.3,1.6
8580,2005,regular,Eddie Basden,Small Forward,22,CHI,19,0,0.5,0.9,2.1
8581,2005,regular,Brandon Bass,Power Forward,20,NOK,29,1,0.4,0.6,2.3
8582,2005,regular,Esteban Batista,Power Forward,22,ATL,57,3,0.7,1.9,1.8
8595,2005,regular,Andray Blatche,Power Forward,19,WAS,29,0,0.4,1.2,2.2
8602,2005,regular,Andrew Bogut,Power Forward,21,MIL,82,77,1.5,3.2,9.4
8623,2005,regular,Kevin Burleson,Point Guard,26,CHA,39,1,0.6,1.6,1.8
8627,2005,regular,Andrew Bynum,Center,18,LAL,46,0,0.4,1.2,1.6
8628,2005,regular,Will Bynum,Point Guard,23,GSW,15,0,0.9,0.7,3.6
8630,2005,regular,José Calderón,Shooting Guard,24,TOR,64,11,1.6,1.5,5.5
8676,2005,regular,Travis Diener,Point Guard,23,ORL,23,0,0.4,1.0,3.8
8677,2005,regular,Ike Diogu,Power Forward,22,GSW,69,14,1.1,2.4,7.0
8690,2005,regular,Monta Ellis,Shooting Guard,20,GSW,49,3,1.2,1.4,6.8
8697,2005,regular,Daniel Ewing,Shooting Guard,22,LAC,66,5,0.9,1.3,3.8
8698,2005,regular,Noel Felix,Small Forward,24,SEA,12,0,0.7,1.1,1.5
8699,2005,regular,Raymond Felton,Point Guard,21,CHA,80,54,2.3,2.3,11.9
8702,2005,regular,Gerald Fitch,Point Guard,23,MIA,18,1,0.8,1.6,4.7
8704,2005,regular,Sharrod Ford,Power Forward,24,PHO,3,0,0.7,2.3,1.3
8715,2005,regular,Channing Frye,Center,22,NYK,65,14,1.5,3.1,12.3
8717,2005,regular,Deng Gai,Center,23,PHI,2,0,0.0,0.0,0.0
8719,2005,regular,Francisco García,Small Forward,24,SAC,67,11,1.1,2.0,5.6
8728,2005,regular,Ryan Gomes,Power Forward,23,BOS,61,33,0.9,1.4,7.6
8731,2005,regular,Joey Graham,Small Forward,23,TOR,80,24,1.2,2.9,6.7
8732,2005,regular,Stephen Graham,Shooting Guard,23,TOT,22,0,0.6,1.4,2.6
8736,2005,regular,Danny Granger,Small Forward,22,IND,78,17,1.0,2.7,7.5
8738,2005,regular,Devin Green,Shooting Guard,23,LAL,27,0,0.2,0.5,0.9
8739,2005,regular,Gerald Green,Shooting Guard,20,BOS,32,3,0.7,1.3,5.2
8741,2005,regular,Orien Greene,Point Guard,23,BOS,80,5,1.4,2.3,3.2
8744,2005,regular,Anthony Grundy,Shooting Guard,26,ATL,12,0,0.8,1.2,4.3
8758,2005,regular,Chuck Hayes,Power Forward,22,HOU,40,0,0.3,1.9,3.7
8761,2005,regular,Luther Head,Shooting Guard,23,HOU,80,27,1.5,2.1,8.8
8766,2005,regular,Julius Hodge,Shooting Guard,22,DEN,14,0,0.6,0.5,0.9
8767,2005,regular,Randy Holcomb,Small Forward,26,CHI,4,0,0.0,0.5,0.5
8783,2005,regular,Jarrett Jack,Shooting Guard,22,POR,79,4,1.3,1.7,6.7
8799,2005,regular,Šarūnas Jasikevičius,Point Guard,29,IND,75,15,1.5,1.4,7.3
8803,2005,regular,Amir Johnson,Small Forward,18,DET,3,0,1.3,2.3,6.7
8813,2005,regular,Dwayne Jones,Power Forward,22,BOS,14,0,0.2,1.0,1.0
8824,2005,regular,Linas Kleiza,Power Forward,21,DEN,61,2,0.3,1.4,3.5
8826,2005,regular,Yaroslav Korolev,Small Forward,18,LAC,24,0,0.3,0.5,1.1
8834,2005,regular,David Lee,Small Forward,22,NYK,67,14,0.8,1.9,5.1
8841,2005,regular,John Lucas III,Point Guard,23,HOU,13,0,0.5,0.5,2.3
8843,2005,regular,Arvydas Macijauskas,Shooting Guard,26,NOK,19,0,0.4,0.5,2.3
8851,2005,regular,Rawle Marshall,Small Forward,23,DAL,23,9,0.7,0.7,3.1
8856,2005,regular,Jason Maxiell,Power Forward,22,DET,26,0,0.4,0.5,2.3
8857,2005,regular,Sean May,Power Forward,21,CHA,23,1,1.4,2.5,8.2
8858,2005,regular,Rashad McCants,Shooting Guard,21,MIN,79,12,1.1,2.2,7.9
8867,2005,regular,Aaron Miles,Point Guard,22,GSW,19,0,0.6,0.7,0.8
8868,2005,regular,C.J. Miles,Point Guard,18,UTA,23,0,0.4,0.9,3.4
8879,2005,regular,Sergei Monia,Small Forward,22,TOT,26,15,0.5,1.6,3.0
8891,2005,regular,Boniface N'Dong,Center,28,LAC,23,1,0.3,1.0,2.2
8908,2005,regular,Fabricio Oberto,Center,30,SAS,59,0,0.5,1.5,1.7
8919,2005,regular,Andre Owens,Point Guard,25,UTA,23,2,0.6,1.1,3.0
8929,2005,regular,Chris Paul,Point Guard,20,NOK,78,78,2.3,2.8,16.1
8934,2005,regular,Johan Petro,Center,20,SEA,68,41,0.9,3.1,5.2
8945,2005,regular,Josh Powell,Power Forward,23,DAL,37,2,0.6,1.4,3.0
8946,2005,regular,Ronnie Price,Point Guard,22,SAC,29,0,0.3,0.3,2.1
8953,2005,regular,Shavlik Randolph,Power Forward,22,PHI,57,1,0.4,1.5,2.3
8964,2005,regular,Anthony Roberson,Point Guard,22,MEM,16,0,0.2,0.4,2.2
8965,2005,regular,Lawrence Roberts,Center,23,MEM,33,0,0.2,0.9,1.5
8968,2005,regular,Nate Robinson,Point Guard,21,NYK,72,26,1.6,2.8,9.3
8979,2005,regular,Melvin Sanders,Shooting Guard,25,SAS,16,0,0.5,1.3,2.6
8981,2005,regular,Alex Scales,Shooting Guard,27,SAS,1,0,0.0,0.0,0.0
8982,2005,regular,Luke Schenscher,Center,23,CHI,20,0,0.3,1.1,1.8
8984,2005,regular,Wayne Simien,Power Forward,22,MIA,43,2,0.6,1.6,3.4
8986,2005,regular,James Singleton,Small Forward,24,LAC,59,10,0.5,1.6,3.4
9008,2005,regular,Salim Stoudamire,Shooting Guard,23,ATL,61,1,1.3,1.9,9.7
9016,2005,regular,Chris Taft,Center,20,GSW,17,0,0.1,1.5,2.8
9017,2005,regular,Donell Taylor,Shooting Guard,23,WAS,51,1,0.7,0.9,2.7
9035,2005,regular,Dijon Thompson,Shooting Guard,22,PHO,10,0,0.2,0.6,2.8
9041,2005,regular,Ronny Turiaf,Center,23,LAL,23,1,0.3,1.3,2.0
9049,2005,regular,Charlie Villanueva,Power Forward,21,TOR,81,36,1.2,3.0,13.0
9054,2005,regular,Von Wafer,Shooting Guard,20,LAL,16,0,0.1,0.8,1.3
9060,2005,regular,Matt Walsh,Shooting Guard,23,MIA,2,0,0.5,0.0,1.0
9062,2005,regular,Hakim Warrick,Power Forward,23,MEM,68,2,0.8,1.7,4.1
9067,2005,regular,Martell Webster,Small Forward,19,POR,61,18,0.7,1.5,6.6
9073,2005,regular,Robert Whaley,Center,23,UTA,23,0,0.6,1.8,2.1
9085,2005,regular,Deron Williams,Point Guard,21,UTA,80,47,1.8,2.9,10.8
9088,2005,regular,Lou Williams,Point Guard,19,PHI,30,0,0.4,0.4,1.9
9089,2005,regular,Marvin Williams,Power Forward,19,ATL,79,7,1.1,2.9,8.5
9097,2005,regular,Antoine Wright,Shooting Guard,21,NJN,39,0,0.5,1.1,1.8
9098,2005,regular,Bracey Wright,Shooting Guard,21,MIN,7,0,1.1,1.1,8.9
9101,2005,regular,Derrick Zimmerman,Point Guard,24,NJN,2,0,2.0,2.0,2.0
9298,2006,regular,Hassan Adams,Shooting Guard,22,NJN,61,8,0.4,0.8,2.9
9299,2006,regular,Maurice Ager,Shooting Guard,22,DAL,32,1,0.5,0.8,2.2
9300,2006,regular,LaMarcus Aldridge,Center,21,POR,63,22,0.7,3.0,9.0
9305,2006,regular,Lou Amundson,Power Forward,24,TOT,11,0,0.5,1.4,1.5
9315,2006,regular,Hilton Armstrong,Center,22,NOK,56,5,0.6,1.4,3.1
9318,2006,regular,James Augustine,Power Forward,22,ORL,2,0,0.0,1.0,1.0
9319,2006,regular,Kelenna Azubuike,Shooting Guard,23,GSW,41,9,1.0,1.2,7.1
9320,2006,regular,Renaldo Balkman,Small Forward,22,NYK,68,1,0.7,2.1,4.9
9323,2006,regular,J.J. Barea,Point Guard,22,DAL,33,1,0.4,0.6,2.4
9324,2006,regular,Andrea Bargnani,Power Forward,21,TOR,65,2,1.6,2.8,11.6
9342,2006,regular,Will Blalock,Point Guard,23,DET,14,0,0.9,0.6,1.8
9348,2006,regular,Josh Boone,Power Forward,22,NJN,61,0,0.5,1.5,4.2
9356,2006,regular,Cedric Bozeman,Shooting Guard,23,ATL,23,5,0.4,1.4,1.1
9358,2006,regular,Ronnie Brewer,Shooting Guard,21,UTA,56,14,0.4,0.8,4.6
9360,2006,regular,Andre Brown,Power Forward,25,SEA,38,0,0.8,0.7,2.4
9365,2006,regular,Shannon Brown,Shooting Guard,21,CLE,23,5,0.6,1.0,3.2
9376,2006,regular,Rodney Carney,Small Forward,22,PHI,67,35,0.6,1.8,6.6
9388,2006,regular,Mardy Collins,Small Forward,22,NYK,52,9,1.1,1.4,4.5
9390,2006,regular,Will Conroy,Power Forward and Small Forward,24,TOT,7,0,0.3,1.0,0.0
9403,2006,regular,Paul Davis,Center,22,LAC,31,0,0.3,0.9,1.6
9408,2006,regular,Yakhouba Diawara,Shooting Guard,24,DEN,64,19,0.6,2.1,4.4
9420,2006,regular,Quincy Douby,Point Guard,22,SAC,42,0,0.4,0.5,2.8
9435,2006,regular,Jordan Farmar,Point Guard,20,LAL,72,2,1.0,1.1,4.4
9436,2006,regular,Desmon Farmer,Shooting Guard,25,SEA,8,0,0.1,0.3,1.6
9443,2006,regular,Randy Foye,Point Guard,23,MIN,82,12,1.9,2.2,10.1
9449,2006,regular,Jorge Garbajosa,Power Forward,29,TOR,67,60,1.0,1.3,8.5
9454,2006,regular,Rudy Gay,Small Forward,20,MEM,78,43,1.8,2.5,10.8
9455,2006,regular,Mickaël Gelabale,Small Forward,23,SEA,70,14,0.7,1.5,4.6
9457,2006,regular,Daniel Gibson,Point Guard,20,CLE,60,16,0.7,1.6,4.6
9460,2006,regular,Andreas Glyniadakis,Center,25,SEA,13,4,0.7,1.5,1.3
9470,2006,regular,Lynn Greer,Shooting Guard,27,MIL,41,0,0.4,0.8,4.1
9473,2006,regular,Mike Hall,Small Forward,22,WAS,2,0,0.0,0.5,1.0
9493,2006,regular,Walter Herrmann,Power Forward,27,CHA,48,12,0.7,1.6,9.2
9497,2006,regular,Robert Hite,Shooting Guard,23,MIA,12,0,0.5,0.7,4.3
9501,2006,regular,Ryan Hollins,Center,22,CHA,27,0,0.6,1.5,2.4
9514,2006,regular,Mile Ilić,Center,22,NJN,5,0,0.6,0.2,0.0
9516,2006,regular,Ersan İlyasova,Power Forward,19,MIL,66,14,0.8,2.2,6.1
9541,2006,regular,Alexander Johnson,Power Forward,23,MEM,59,19,0.8,2.3,4.4
9549,2006,regular,Bobby Jones,Small Forward,23,PHI,44,5,0.4,1.3,2.5
9561,2006,regular,Solomon Jones,Power Forward,22,ATL,58,8,0.4,2.1,3.3
9566,2006,regular,Tarence Kinsey,Shooting Guard,22,MEM,48,12,1.0,1.2,7.7
9574,2006,regular,James Lang,Center,23,WAS,11,0,0.2,1.3,1.0
9579,2006,regular,Kyle Lowry,Point Guard,20,MEM,10,0,1.2,2.0,5.6
9585,2006,regular,Renaldo Major,Power Forward,24,GSW,1,0,1.0,4.0,5.0
9588,2006,regular,Damir Markota,Power Forward,21,MIL,30,0,0.5,0.7,1.7
9600,2006,regular,Chris McCray,Shooting Guard,22,MIL,5,0,0.4,0.2,0.0
9602,2006,regular,Ivan McFarlin,Power Forward,24,PHI,11,0,0.1,0.7,1.4
9610,2006,regular,Pops Mensah-Bonsu,Power Forward,23,DAL,12,0,0.8,0.7,2.4
9618,2006,regular,Paul Millsap,Power Forward,21,UTA,82,1,1.1,2.9,6.8
9623,2006,regular,Randolph Morris,Center,21,NYK,5,0,0.4,0.8,0.8
9624,2006,regular,Adam Morrison,Power Forward,22,CHA,78,23,1.7,2.3,11.8
9638,2006,regular,David Noel,Power Forward,22,MIL,68,0,0.6,1.1,2.7
9639,2006,regular,Steve Novak,Small Forward,23,HOU,35,1,0.1,0.6,1.5
9641,2006,regular,Patrick O'Bryant,Center,20,GSW,16,0,0.5,1.6,1.9
9670,2006,regular,Kevinn Pinkney,Power Forward,23,BOS,6,0,0.7,2.0,5.2
9674,2006,regular,Leon Powe,Center,23,BOS,63,2,0.7,1.7,4.2
9678,2006,regular,Roger Powell,Small Forward,24,UTA,3,0,1.0,0.7,0.7
9682,2006,regular,Chris Quinn,Point Guard,23,MIA,42,1,0.5,0.8,3.4
9687,2006,regular,Allan Ray,Shooting Guard,22,BOS,47,5,0.9,1.8,6.2
9689,2006,regular,J.J. Redick,Point Guard,22,ORL,42,0,0.5,1.2,6.0
9693,2006,regular,Jeremy Richardson,Power Forward and Small Forward,22,TOT,6,0,0.2,0.3,1.3
9705,2006,regular,Sergio Rodríguez,Point Guard,20,POR,67,1,1.1,1.1,3.7
9706,2006,regular,Rajon Rondo,Point Guard,20,BOS,78,25,1.8,2.3,6.4
9710,2006,regular,Brandon Roy,Shooting Guard,22,POR,57,55,2.0,2.4,16.8
9716,2006,regular,Thabo Sefolosha,Shooting Guard,22,CHI,71,4,0.8,1.4,3.6
9717,2006,regular,Mouhamed Sene,Center,20,SEA,28,3,0.4,1.2,1.9
9719,2006,regular,Cedric Simmons,Power Forward,21,NOK,43,4,0.5,1.7,2.9
9722,2006,regular,Uroš Slokar,Center,23,TOR,20,0,0.5,0.6,1.9
9723,2006,regular,Craig Smith,Power Forward,23,MIN,82,5,0.9,2.7,7.4
9729,2006,regular,Steven Smith,Power Forward,23,PHI,8,0,0.3,0.5,0.6
9734,2006,regular,Vassilis Spanoulis,Shooting Guard,24,HOU,31,0,0.9,1.1,2.7
9752,2006,regular,Tyrus Thomas,Power Forward,20,CHI,72,4,1.3,2.3,5.2
9758,2006,regular,P.J. Tucker,Small Forward,21,TOR,17,0,0.4,0.7,1.8
9766,2006,regular,Marcus Vinicius,Small Forward,22,NOK,13,0,0.5,0.8,1.7
9787,2006,regular,James White,Shooting Guard,24,SAS,6,2,0.8,1.2,8.3
9798,2006,regular,Justin Williams,Center,22,SAC,26,1,0.6,2.0,5.0
9800,2006,regular,Marcus Williams,Point Guard,21,NJN,79,2,1.8,1.2,6.8
9804,2006,regular,Shawne Williams,Shooting Guard,20,IND,46,3,0.5,1.5,3.9
9805,2006,regular,Shelden Williams,Power Forward,23,ATL,81,31,1.2,2.5,5.5
10005,2007,regular,Arron Afflalo,Shooting Guard,22,DET,75,9,0.5,1.1,3.7
10009,2007,regular,Blake Ahearn,Point Guard,23,MIA,12,0,1.3,1.7,5.8
10016,2007,regular,Lance Allred,Center,26,CLE,3,0,0.0,0.3,1.0
10017,2007,regular,Morris Almond,Shooting Guard,22,UTA,9,0,0.2,0.6,1.4
10023,2007,regular,Joel Anthony,Power Forward,25,MIA,24,1,0.7,2.3,3.5
10048,2007,regular,Marco Belinelli,Shooting Guard,21,GSW,33,0,0.4,0.5,2.9
10070,2007,regular,Corey Brewer,Small Forward,21,MIN,79,35,1.1,2.4,5.8
10076,2007,regular,Aaron Brooks,Point Guard,23,HOU,51,0,0.9,1.4,5.2
10102,2007,regular,Wilson Chandler,Small Forward,20,NYK,35,16,0.8,2.4,7.3
10110,2007,regular,Mike Conley,Point Guard,20,MEM,53,46,1.7,1.6,9.4
10114,2007,regular,Daequan Cook,Shooting Guard,20,MIA,59,19,1.1,2.7,8.8
10116,2007,regular,Javaris Crittenton,Shooting Guard,20,TOT,50,0,1.1,0.9,5.6
10125,2007,regular,Jermareo Davidson,Small Forward,23,CHA,38,2,0.4,1.2,3.2
10127,2007,regular,Glen Davis,Center,22,BOS,69,1,0.9,2.3,4.5
10134,2007,regular,Guillermo Díaz,Shooting Guard,22,LAC,6,0,0.0,0.0,0.8
10148,2007,regular,Jared Dudley,Power Forward,22,CHA,73,14,0.7,1.8,5.8
10155,2007,regular,Kevin Durant,Shooting Guard,19,SEA,80,80,2.9,1.5,20.3
10166,2007,regular,Nick Fazekas,Power Forward,22,TOT,26,0,0.5,1.0,4.1
10170,2007,regular,Kyrylo Fesenko,Center,21,UTA,9,0,0.9,2.1,1.6
10183,2007,regular,Thomas Gardner,Shooting Guard,22,CHI,4,0,1.0,1.0,5.3
10206,2007,regular,Marcin Gortat,Center,23,ORL,6,0,0.3,0.7,3.0
10210,2007,regular,Aaron Gray,Center,23,CHI,61,1,0.9,1.9,4.3
10214,2007,regular,Jeff Green,Small Forward,21,SEA,80,52,2.0,2.5,10.5
10215,2007,regular,Taurean Green,Power Forward and Small Forward,21,TOT,17,0,0.5,0.3,1.6
10231,2007,regular,Mike Harris,Power Forward,24,HOU,17,0,0.5,0.9,3.6
10238,2007,regular,Spencer Hawes,Center,19,SAC,71,8,0.8,1.8,4.7
10250,2007,regular,Al Horford,Center,21,ATL,81,77,1.7,3.3,10.1
10287,2007,regular,Yi Jianlian,Power Forward,20,MIL,66,49,1.4,2.3,8.6
10313,2007,regular,Coby Karl,Shooting Guard,24,LAL,17,0,0.3,0.2,1.8
10327,2007,regular,Carl Landry,Power Forward,24,HOU,42,0,0.6,2.3,8.1
10328,2007,regular,Keith Langford,Shooting Guard,24,SAS,2,0,0.0,0.5,1.0
10329,2007,regular,Stéphane Lasme,Power Forward,25,TOT,16,4,0.9,2.2,5.2
10332,2007,regular,Acie Law,Point Guard,23,ATL,56,6,1.0,1.3,4.2
10344,2007,regular,Ian Mahinmi,Center,21,SAS,6,0,0.3,0.7,3.5
10363,2007,regular,Dominic McGuire,Shooting Guard,22,WAS,70,1,0.6,1.1,1.3
10365,2007,regular,Josh McRoberts,Power Forward,20,POR,8,0,0.3,0.1,1.5
10378,2007,regular,Jamario Moon,Small Forward,27,TOR,78,75,0.7,1.9,8.5
10390,2007,regular,Juan Carlos Navarro,Shooting Guard,27,MEM,82,30,1.6,1.1,10.9
10397,2007,regular,Demetris Nichols,Small Forward,23,TOT,14,0,0.3,0.3,1.1
10400,2007,regular,Joakim Noah,Center,22,CHI,74,31,1.2,2.3,6.6
10427,2007,regular,Oleksiy Pecherov,Center,22,WAS,35,0,0.5,0.9,3.6
10429,2007,regular,Kosta Perović,Center,22,GSW,7,0,0.1,0.9,1.4
10439,2007,regular,Kasib Powell,Small Forward,26,MIA,11,4,0.5,1.6,7.6
10442,2007,regular,Gabe Pruitt,Point Guard,21,BOS,15,0,0.3,0.7,2.1
10453,2007,regular,Chris Richard,Center,23,MIN,52,3,0.5,1.6,1.9
10470,2007,regular,Cheikh Samb,Center,23,DET,4,0,0.3,2.0,1.8
10472,2007,regular,Luis Scola,Power Forward,27,HOU,82,39,1.3,2.9,10.3
10475,2007,regular,Ramon Sessions,Point Guard,21,MIL,17,7,2.1,1.5,8.1
10480,2007,regular,Courtney Sims,Center,24,IND,3,0,0.0,0.7,0.0
10484,2007,regular,Jason Smith,Power Forward,21,PHI,76,1,0.6,1.9,4.5
10503,2007,regular,D.J. Strawberry,Shooting Guard,22,PHO,33,0,0.3,1.1,2.2
10504,2007,regular,Rodney Stuckey,Point Guard,21,DET,57,2,1.4,2.0,7.6
10523,2007,regular,Al Thornton,Power Forward,24,LAC,79,31,1.6,2.5,12.7
10525,2007,regular,Alando Tucker,Small Forward,23,PHO,6,0,0.0,0.3,3.7
10548,2007,regular,Darius Washington,Shooting Guard,22,SAS,18,0,0.8,0.9,2.9
10549,2007,regular,Darryl Watkins,Center,23,SAC,9,0,0.8,0.9,1.3
10550,2007,regular,C.J. Watson,Point Guard,23,GSW,32,0,0.6,0.6,3.7
10561,2007,regular,Mario West,Shooting Guard,23,ATL,64,2,0.1,1.0,0.9
10581,2007,regular,Sean Williams,Center,21,NJN,73,29,1.0,2.6,5.6
10591,2007,regular,Brandan Wright,Power Forward,20,GSW,38,6,0.3,0.9,4.0
10593,2007,regular,Julian Wright,Small Forward,20,NOH,57,1,0.6,0.8,3.9
10597,2007,regular,Nick Young,Shooting Guard,22,WAS,75,2,1.3,1.7,7.5
10598,2007,regular,Thaddeus Young,Power Forward,19,PHI,74,22,0.9,1.7,8.2
10808,2008,regular,Alexis Ajinça,Power Forward,20,CHA,31,4,0.4,1.1,2.3
10810,2008,regular,Joe Alexander,Small Forward,22,MIL,59,0,0.9,1.8,4.7
10820,2008,regular,Ryan Anderson,Power Forward,20,NJN,66,30,1.0,2.4,7.4
10826,2008,regular,Darrell Arthur,Power Forward,20,MEM,76,64,0.6,2.7,5.6
10830,2008,regular,D.J. Augustin,Point Guard,21,CHA,72,12,1.7,1.9,11.8
10845,2008,regular,Nicolas Batum,Small Forward,20,POR,79,76,0.6,1.8,5.4
10846,2008,regular,Jerryd Bayless,Point Guard,20,POR,53,0,1.1,1.5,4.3
10847,2008,regular,Michael Beasley,Power Forward,20,MIA,81,19,1.5,2.3,13.9
10879,2008,regular,Bobby Brown,Power Forward and Small Forward,24,TOT,68,2,0.9,1.4,5.3
10905,2008,regular,Mario Chalmers,Point Guard,22,MIA,82,82,2.0,2.9,10.0
10923,2008,regular,Joe Crawford,Small Forward,22,NYK,2,0,0.0,1.0,4.5
10956,2008,regular,Joey Dorsey,Power Forward,25,HOU,3,0,0.0,0.0,0.7
10960,2008,regular,Chris Douglas-Roberts,Shooting Guard,22,NJN,44,3,0.7,0.8,4.9
10961,2008,regular,Goran Dragić,Point Guard,22,PHO,55,1,1.3,1.6,4.5
10977,2008,regular,Rudy Fernández,Shooting Guard,23,POR,78,4,1.1,1.4,10.4
10989,2008,regular,Danilo Gallinari,Shooting Guard,20,NYK,28,2,0.5,1.7,6.1
10993,2008,regular,Marc Gasol,Center,24,MEM,82,75,2.0,3.2,11.9
10998,2008,regular,J.R. Giddens,Small Forward,23,BOS,6,0,0.2,0.2,0.7
11007,2008,regular,Eric Gordon,Shooting Guard,20,LAC,78,65,2.1,2.2,16.1
11016,2008,regular,Donté Greene,Small Forward,20,SAC,55,4,0.7,1.2,3.8
11017,2008,regular,Hamed Haddadi,Center,23,MEM,19,0,0.5,1.1,2.5
11018,2008,regular,Malik Hairston,Shooting Guard,21,SAS,15,0,0.8,1.3,3.3
11038,2008,regular,Roy Hibbert,Center,22,IND,70,42,0.8,3.1,7.1
11039,2008,regular,J.J. Hickson,Center,20,CLE,62,0,0.7,1.3,4.0
11041,2008,regular,George Hill,Point Guard,22,SAS,77,7,1.0,1.9,5.7
11043,2008,regular,Steven Hill,Power Forward,23,OKC,1,0,0.0,0.0,2.0
11060,2008,regular,Othello Hunter,Power Forward,22,ATL,16,0,0.1,0.7,1.4
11070,2008,regular,Darnell Jackson,Power Forward,23,CLE,51,2,0.3,1.5,1.9
11079,2008,regular,Nathan Jawai,Power Forward,22,TOR,6,0,0.3,0.5,0.3
11081,2008,regular,Dontell Jefferson,Shooting Guard,25,CHA,6,0,1.0,1.5,4.8
11091,2008,regular,Trey Johnson,Shooting Guard,24,CLE,4,0,0.3,1.0,1.0
11098,2008,regular,DeAndre Jordan,Center,20,LAC,53,13,0.8,1.8,4.3
11107,2008,regular,Kosta Koufos,Center,19,UTA,48,7,0.5,1.5,4.7
11109,2008,regular,Rob Kurz,Small Forward,23,GSW,40,5,0.4,2.0,3.9
11112,2008,regular,Courtney Lee,Shooting Guard,23,ORL,77,42,0.9,2.0,8.4
11118,2008,regular,Brook Lopez,Center,20,NJN,82,75,1.8,3.1,13.0
11119,2008,regular,Robin Lopez,Center,20,PHO,60,7,0.5,1.6,3.2
11120,2008,regular,Kevin Love,Center,20,MIN,81,37,1.5,2.5,11.1
11136,2008,regular,Cartier Martin,Small Forward,24,CHA,33,1,0.3,1.0,2.6
11143,2008,regular,O.J. Mayo,Shooting Guard,21,MEM,82,82,2.8,2.5,18.5
11144,2008,regular,Luc Mbah a Moute,Power Forward,22,MIL,82,52,1.2,2.5,7.2
11149,2008,regular,JaVale McGee,Center,21,WAS,75,14,0.8,2.1,6.5
11179,2008,regular,Anthony Morrow,Shooting Guard,23,GSW,67,17,0.8,1.9,10.1
11185,2008,regular,DeMarcus Nelson,Point Guard,23,GSW,13,5,1.2,1.8,4.1
11205,2008,regular,Greg Oden,Center,21,POR,61,39,1.4,3.9,8.9
11235,2008,regular,Anthony Randolph,Power Forward,19,GSW,63,22,1.3,2.2,7.9
11255,2008,regular,Derrick Rose,Point Guard,20,CHI,81,80,2.5,1.5,16.8
11262,2008,regular,Brandon Rush,Shooting Guard,23,IND,75,19,1.0,1.7,8.1
11280,2008,regular,Walter Sharpe,Power Forward,22,DET,8,0,0.0,0.4,1.0
11288,2008,regular,Sean Singletary,Point Guard,23,TOT,37,2,0.6,1.2,2.4
11303,2008,regular,Marreese Speights,Center,21,PHI,79,2,0.6,2.3,7.7
11314,2008,regular,Mike Taylor,Point Guard,23,LAC,51,5,1.4,1.6,5.7
11325,2008,regular,Jason Thompson,Power Forward,22,SAC,82,56,1.8,3.8,11.1
11327,2008,regular,Anthony Tolliver,Power Forward,23,SAS,19,0,0.4,0.8,2.7
11333,2008,regular,Roko Ukić,Point Guard,24,TOR,72,0,0.8,1.1,4.2
11341,2008,regular,Henry Walker,Small Forward,21,BOS,29,0,0.6,1.8,3.0
11349,2008,regular,Kyle Weaver,Shooting Guard,22,OKC,56,19,1.2,1.4,5.3
11351,2008,regular,Sonny Weems,Shooting Guard,22,DEN,12,0,0.5,0.7,1.6
11355,2008,regular,Russell Westbrook,Point Guard,20,OKC,82,65,3.3,2.3,15.3
11356,2008,regular,D.J. White,Power Forward,22,OKC,7,0,0.4,1.4,8.9
11363,2008,regular,Jawad Williams,Small Forward,25,CLE,10,0,0.1,0.2,1.2
11382,2008,regular,Sun Yue,Shooting Guard,23,LAL,10,0,0.3,1.0,0.6
11594,2009,regular,David Andersen,Center,29,HOU,63,0,0.6,1.9,5.8
11595,2009,regular,Antonio Anderson,Small Forward,24,OKC,1,0,1.0,1.0,2.0
11609,2009,regular,Jeff Ayres,Center,22,POR,39,4,0.3,1.9,2.7
11624,2009,regular,Rodrigue Beaubois,Point Guard,21,DAL,56,16,1.0,1.5,7.1
11634,2009,regular,DeJuan Blair,Power Forward,20,SAS,82,23,1.4,2.7,7.8
11655,2009,regular,Jon Brockman,Power Forward,22,SAC,52,4,0.4,2.2,2.8
11660,2009,regular,Derrick Brown,Small Forward,22,CHA,57,0,0.3,0.9,3.3
11667,2009,regular,Chase Budinger,Small Forward,21,HOU,74,4,0.6,1.1,8.9
11680,2009,regular,DeMarre Carroll,Small Forward,23,MEM,71,1,0.3,1.5,2.9
11684,2009,regular,Omri Casspi,Small Forward,21,SAC,77,31,1.3,1.6,10.3
11688,2009,regular,Earl Clark,Power Forward,22,PHO,51,0,0.5,0.5,2.7
11692,2009,regular,Darren Collison,Point Guard,22,NOH,76,37,2.7,1.2,12.4
11699,2009,regular,Dante Cunningham,Power Forward,22,POR,63,2,0.2,1.5,3.9
11701,2009,regular,JamesOn Curry,Point Guard,24,LAC,1,0,0.0,0.0,0.0
11702,2009,regular,Stephen Curry,Point Guard,21,GSW,80,77,3.0,3.2,17.5
11710,2009,regular,Austin Daye,Small Forward,21,DET,69,4,0.7,1.7,5.1
11713,2009,regular,DeMar DeRozan,Shooting Guard,20,TOR,77,65,0.8,2.3,8.6
11724,2009,regular,Toney Douglas,Point Guard,23,NYK,56,12,1.0,2.1,8.6
11732,2009,regular,Wayne Ellington,Shooting Guard,22,MIN,76,1,1.0,0.9,6.6
11739,2009,regular,Tyreke Evans,Shooting Guard,20,SAC,72,72,3.0,2.8,20.1
11748,2009,regular,Jonny Flynn,Point Guard,20,MIN,81,81,2.9,1.2,13.5
11754,2009,regular,Sundiata Gaines,Point Guard,23,UTA,32,0,0.4,0.5,3.3
11761,2009,regular,Alonzo Gee,Shooting Guard,22,WAS,11,2,0.9,1.2,7.4
11764,2009,regular,Taj Gibson,Power Forward,24,CHI,82,70,1.4,3.4,9.0
11768,2009,regular,Trey Gilder,Small Forward,25,MEM,2,0,0.0,0.0,1.0
11783,2009,regular,Danny Green,Shooting Guard,22,CLE,20,0,0.3,0.5,2.0
11787,2009,regular,Taylor Griffin,Small Forward,23,PHO,8,0,0.1,0.5,1.3
11792,2009,regular,Tyler Hansbrough,Power Forward,24,IND,29,1,0.7,2.4,8.5
11793,2009,regular,James Harden,Shooting Guard,20,OKC,76,0,1.4,2.6,9.9
11811,2009,regular,Gerald Henderson,Shooting Guard,22,CHA,43,0,0.3,0.6,2.6
11817,2009,regular,Jordan Hill,Power Forward,22,TOT,47,0,0.6,2.0,5.2
11821,2009,regular,Jrue Holiday,Point Guard,19,PHI,73,51,2.1,2.1,8.0
11832,2009,regular,Lester Hudson,Point Guard,25,TOT,25,0,0.6,0.5,2.3
11841,2009,regular,Chris Hunter,Center,25,GSW,60,9,0.5,2.2,4.5
11845,2009,regular,Serge Ibaka,Power Forward,20,OKC,73,0,0.9,2.7,6.3
11857,2009,regular,Cedric Jackson,Point Guard,23,TOT,12,0,0.9,0.6,1.7
11873,2009,regular,Othyus Jeffers,Shooting Guard,24,UTA,14,0,0.4,0.7,2.6
11879,2009,regular,Brandon Jennings,Point Guard,20,MIL,82,82,2.4,2.3,15.5
11880,2009,regular,Jonas Jerebko,Power Forward,22,DET,80,73,1.0,2.9,9.3
11884,2009,regular,James Johnson,Power Forward,22,CHI,65,11,1.0,1.9,3.9
11901,2009,regular,Oliver Lafayette,Shooting Guard,25,BOS,1,0,1.0,0.0,7.0
11905,2009,regular,Marcus Landry,Small Forward,24,TOT,18,0,0.3,0.8,2.4
11912,2009,regular,Ty Lawson,Point Guard,22,DEN,65,8,1.3,1.4,8.3
11937,2009,regular,Wesley Matthews,Shooting Guard,23,UTA,82,48,1.1,1.9,9.4
11940,2009,regular,Eric Maynor,Point Guard,22,TOT,81,2,1.0,1.4,4.7
11954,2009,regular,Jodie Meeks,Shooting Guard,22,TOT,60,0,0.4,0.9,4.7
11967,2009,regular,Patty Mills,Point Guard,21,POR,10,0,0.4,0.6,2.6
11975,2009,regular,Byron Mullens,Power Forward,20,OKC,13,0,0.3,1.0,1.1
12017,2009,regular,A.J. Price,Point Guard,23,IND,56,2,1.1,0.9,7.3
12079,2009,regular,DaJuan Summers,Small Forward,22,DET,44,0,0.4,1.2,3.0
12080,2009,regular,Jermaine Taylor,Shooting Guard,23,HOU,31,4,0.6,0.5,4.1
12081,2009,regular,Jeff Teague,Point Guard,21,ATL,71,3,0.7,1.2,3.2
12085,2009,regular,Garrett Temple,Shooting Guard,23,TOT,27,4,1.0,1.6,5.0
12090,2009,regular,Hasheem Thabeet,Center,22,MEM,68,13,0.6,2.4,3.1
12102,2009,regular,Marcus Thornton,Shooting Guard,22,NOH,73,17,1.0,1.7,14.5
12152,2009,regular,Terrence Williams,Small Forward,22,NJN,78,9,1.6,1.6,8.4
12158,2009,regular,Sam Young,Small Forward,24,MEM,80,1,1.2,1.3,7.4
12359,2010,regular,Jeff Adrien,Power Forward,24,GSW,23,0,0.4,1.2,2.5
12365,2010,regular,Solomon Alabi,Center,22,TOR,12,0,0.3,0.4,0.5
12366,2010,regular,Cole Aldrich,Center,22,OKC,18,0,0.4,1.7,1.0
12371,2010,regular,Al-Farouq Aminu,Small Forward,20,LAC,81,14,1.3,1.5,5.6
12377,2010,regular,James Anderson,Small Forward,21,SAS,26,2,0.5,0.9,3.6
12394,2010,regular,Ömer Aşık,Center,24,CHI,82,0,0.8,1.9,2.8
12396,2010,regular,Luke Babbitt,Small Forward,21,POR,24,0,0.3,0.6,1.5
12434,2010,regular,Eric Bledsoe,Point Guard,21,LAC,81,25,2.4,1.6,6.7
12438,2010,regular,Trevor Booker,Power Forward,23,WAS,65,14,0.6,1.8,5.3
12442,2010,regular,Craig Brackins,Power Forward,23,PHI,3,0,0.0,1.0,2.7
12443,2010,regular,Avery Bradley,Point Guard,20,BOS,31,0,0.5,0.6,1.7
12468,2010,regular,Derrick Caracter,Center,22,LAL,41,0,0.5,1.1,2.0
12497,2010,regular,Sherron Collins,Point Guard,23,CHA,20,0,0.2,0.1,0.9
12503,2010,regular,Marcus Cousin,Center,24,UTA,4,0,0.3,0.3,1.0
12504,2010,regular,DeMarcus Cousins,Center,20,SAC,81,62,3.3,4.1,14.1
12506,2010,regular,Jordan Crawford,Shooting Guard,22,TOT,42,18,2.0,1.5,11.7
12520,2010,regular,Ed Davis,Power Forward,21,TOR,65,17,0.7,2.8,7.7
12533,2010,regular,Zabian Dowdell,Point Guard,26,PHO,24,0,1.2,1.3,5.0
12543,2010,regular,Devin Ebanks,Shooting Guard,21,LAL,20,0,0.3,0.4,3.1
12548,2010,regular,Semih Erden,Center,24,TOT,41,8,0.8,2.5,4.0
12551,2010,regular,Jeremy Evans,Small Forward,23,UTA,49,3,0.4,1.0,3.6
12557,2010,regular,Patrick Ewing,Small Forward,26,NOH,7,0,0.1,0.1,0.4
12558,2010,regular,Christian Eyenga,Small Forward,21,CLE,44,18,1.1,1.8,6.9
12560,2010,regular,Derrick Favors,Power Forward,19,TOT,78,27,1.0,3.2,6.8
12568,2010,regular,Landry Fields,Shooting Guard,22,NYK,82,81,1.3,1.4,9.7
12571,2010,regular,Gary Forbes,Small Forward,25,DEN,63,11,0.7,1.2,5.2
12595,2010,regular,Paul George,Shooting Guard,20,IND,61,19,1.1,2.1,7.8
12617,2010,regular,Blake Griffin,Power Forward,21,LAC,82,82,2.7,3.1,22.5
12621,2010,regular,Luke Harangody,Power Forward,23,TOT,49,0,0.3,1.6,3.9
12629,2010,regular,Manny Harris,Shooting Guard,21,CLE,54,15,1.2,1.2,5.9
12634,2010,regular,Gordon Hayward,Small Forward,20,UTA,72,17,1.0,1.5,5.4
12635,2010,regular,Lazar Hayward,Small Forward,24,MIN,42,0,0.5,1.0,3.8
12639,2010,regular,Xavier Henry,Shooting Guard,19,MEM,38,16,0.3,1.3,4.3
12669,2010,regular,Damion James,Small Forward,23,NJN,25,9,1.0,1.4,4.4
12681,2010,regular,Eugene Jeter,Point Guard,27,SAC,62,1,0.8,0.9,4.1
12684,2010,regular,Armon Johnson,Point Guard,21,POR,38,0,1.0,0.8,2.9
12685,2010,regular,Chris Johnson,Center,25,TOT,14,1,0.7,1.5,2.4
12695,2010,regular,Wesley Johnson,Shooting Guard,23,MIN,79,63,1.2,2.1,9.0
12697,2010,regular,Dominique Jones,Shooting Guard,22,DAL,18,0,0.6,0.4,2.3
12719,2010,regular,Gani Lawal,Power Forward,22,PHO,1,0,0.0,1.0,0.0
12726,2010,regular,Jeremy Lin,Point Guard,22,GSW,29,0,0.6,1.1,2.6
12765,2010,regular,Greg Monroe,Center,20,DET,80,48,1.0,2.5,9.4
12770,2010,regular,Timofey Mozgov,Center,24,TOT,45,14,0.8,1.9,3.6
12777,2010,regular,Hamady N'Diaye,Center,24,WAS,16,0,0.2,1.1,0.9
12780,2010,regular,Gary Neal,Shooting Guard,26,SAS,80,1,1.0,1.9,9.8
12795,2010,regular,Larry Owens,Small Forward,28,TOT,12,0,0.4,1.5,3.3
12801,2010,regular,Patrick Patterson,Power Forward,21,HOU,52,6,0.6,1.5,6.3
12807,2010,regular,Nikola Peković,Center,25,MIN,65,11,1.4,2.8,5.5
12817,2010,regular,Dexter Pittman,Center,22,MIA,2,0,1.0,1.0,1.0
12818,2010,regular,Quincy Pondexter,Small Forward,22,NOH,66,6,0.2,1.0,2.8
12837,2010,regular,Andy Rautins,Shooting Guard,24,NYK,5,0,1.4,0.0,1.6
12854,2010,regular,Samardo Samuels,Power Forward,22,CLE,37,10,1.4,2.4,7.8
12855,2010,regular,Larry Sanders,Center,22,MIL,60,12,0.6,2.0,4.3
12859,2010,regular,Kevin Séraphin,Power Forward,21,WAS,58,1,0.7,2.2,2.7
12861,2010,regular,Mustafa Shakur,Point Guard,26,WAS,22,0,0.8,0.7,2.3
12862,2010,regular,Garret Siler,Center,24,PHO,21,0,0.5,1.0,2.1
12866,2010,regular,Ish Smith,Point Guard,22,TOT,43,3,0.8,0.9,2.3
12877,2010,regular,Tiago Splitter,Center,26,SAS,60,6,0.5,1.5,4.6
12879,2010,regular,Lance Stephenson,Shooting Guard,20,IND,12,0,1.3,1.2,3.1
12888,2010,regular,Pape Sy,Small Forward,22,ATL,3,0,1.0,0.3,2.3
12917,2010,regular,Evan Turner,Shooting Guard,22,PHI,78,14,1.0,1.8,7.2
12918,2010,regular,Ekpe Udoh,Center,23,GSW,58,18,0.8,2.5,4.1
12921,2010,regular,Ben Uzoh,Point Guard,22,NJN,42,0,0.6,0.7,3.8
12923,2010,regular,Greivis Vásquez,Shooting Guard,24,MEM,70,1,1.0,1.2,3.6
12931,2010,regular,John Wall,Point Guard,20,WAS,69,64,3.8,2.5,16.4
12937,2010,regular,Willie Warren,Point Guard,21,LAC,19,0,0.4,0.8,1.9
12951,2010,regular,Hassan Whiteside,Center,21,SAC,1,0,0.0,2.0,0.0
13184,2011,regular,Lavoy Allen,Power Forward,22,PHI,41,15,0.5,1.8,4.1
13200,2011,regular,Gustavo Ayón,Power Forward,26,NOH,54,24,0.9,2.2,5.9
13221,2011,regular,Keith Benson,Center,23,GSW,3,0,0.0,0.0,0.0
13225,2011,regular,Bismack Biyombo,Center,19,CHA,63,41,1.1,2.3,5.2
13243,2011,regular,MarShon Brooks,Shooting Guard,23,NJN,56,47,2.1,2.1,12.6
13249,2011,regular,Alec Burks,Shooting Guard,20,UTA,59,0,0.9,1.4,7.2
13251,2011,regular,Jimmy Butler,Shooting Guard,22,CHI,42,0,0.3,0.5,2.6
13253,2011,regular,Derrick Byars,Power Forward,27,SAS,2,0,0.0,1.0,5.0
13273,2011,regular,Norris Cole,Point Guard,23,MIA,65,2,1.6,1.9,6.8
13295,2011,regular,Eric Dawson,Center,27,SAS,4,0,0.8,1.5,3.8
13299,2011,regular,Justin Dentmon,Point Guard,26,TOT,6,0,1.2,1.7,4.3
13316,2011,regular,Jerome Dyson,Point Guard,24,NOH,9,1,2.2,2.1,7.4
13332,2011,regular,Kenneth Faried,Power Forward,22,DEN,46,39,1.2,2.5,10.2
13345,2011,regular,Jeff Foote,Center,24,NOH,4,0,0.5,1.3,1.0
13348,2011,regular,Courtney Fortson,Point Guard,23,TOT,10,0,1.0,0.5,3.5
13353,2011,regular,Jimmer Fredette,Point Guard,22,SAC,61,7,1.1,1.2,7.6
13368,2011,regular,Mickell Gladness,Power Forward,25,TOT,26,7,0.3,1.2,2.2
13376,2011,regular,Andrew Goudelock,Shooting Guard,23,LAL,40,0,0.5,0.8,4.4
13385,2011,regular,Jordan Hamilton,Small Forward,21,DEN,26,2,0.6,0.6,4.4
13390,2011,regular,Justin Harper,Power Forward,22,ORL,14,0,0.4,0.4,1.4
13391,2011,regular,Josh Harrellson,Power Forward,22,NYK,37,4,0.5,1.3,4.4
13395,2011,regular,Terrel Harris,Shooting Guard,24,MIA,22,1,1.1,1.5,3.6
13396,2011,regular,Tobias Harris,Small Forward,19,MIL,42,9,0.7,1.1,5.0
13409,2011,regular,Cory Higgins,Point Guard,22,CHA,38,0,1.0,1.1,3.9
13419,2011,regular,Darington Hobson,Shooting Guard,24,MIL,5,0,0.4,0.2,0.8
13424,2011,regular,Tyler Honeycutt,Small Forward,21,SAC,15,0,0.1,0.2,1.3
13426,2011,regular,Dennis Horner,Power Forward,23,NJN,8,0,0.1,0.1,0.6
13438,2011,regular,Kyrie Irving,Point Guard,19,CLE,51,51,3.1,2.2,18.5
13441,2011,regular,Reggie Jackson,Point Guard,21,OKC,45,0,0.8,0.7,3.1
13454,2011,regular,Charles Jenkins,Point Guard,22,GSW,51,28,1.2,1.7,5.8
13462,2011,regular,Carldell Johnson,Point Guard,29,NOH,15,0,0.5,0.7,1.8
13466,2011,regular,Ivan Johnson,Power Forward,27,ATL,56,0,1.2,2.1,6.4
13467,2011,regular,JaJuan Johnson,Power Forward,22,BOS,36,0,0.4,0.7,3.2
13479,2011,regular,Jerome Jordan,Center,25,NYK,21,0,0.1,0.7,2.0
13480,2011,regular,Cory Joseph,Point Guard,20,SAS,29,1,0.4,0.6,2.0
13482,2011,regular,Enes Kanter,Center,19,UTA,66,0,0.8,1.3,4.6
13484,2011,regular,D.J. Kennedy,Small Forward,22,CLE,2,0,1.5,3.5,6.0
13487,2011,regular,Brandon Knight,Point Guard,20,DET,66,60,2.6,2.3,12.8
13494,2011,regular,Malcolm Lee,Shooting Guard,21,MIN,19,0,0.9,1.2,3.3
13495,2011,regular,Kawhi Leonard,Small Forward,20,SAS,64,39,0.7,1.4,7.9
13496,2011,regular,Travis Leslie,Shooting Guard,21,LAC,10,0,0.2,0.4,1.4
13497,2011,regular,Jon Leuer,Power Forward,22,MIL,46,12,0.4,1.5,4.7
13499,2011,regular,DeAndre Liggins,Small Forward,23,ORL,17,0,0.6,0.4,1.9
13507,2011,regular,Shelvin Mack,Point Guard,21,WAS,64,0,0.8,0.8,3.6
13508,2011,regular,Vernon Macklin,Center,25,DET,23,0,0.1,0.4,2.0
13539,2011,regular,E'Twaun Moore,Point Guard,22,BOS,38,0,0.6,0.9,2.9
13541,2011,regular,Darius Morris,Point Guard,21,LAL,19,0,1.0,0.8,2.4
13542,2011,regular,Marcus Morris,Power Forward,22,HOU,17,0,0.2,0.7,2.4
13543,2011,regular,Markieff Morris,Power Forward,22,PHO,63,7,1.1,2.8,7.4
13561,2011,regular,Daniel Orton,Power Forward,21,ORL,16,2,0.4,1.9,2.8
13566,2011,regular,Jeremy Pargo,Point Guard,25,MEM,44,5,1.0,1.0,2.9
13569,2011,regular,Chandler Parsons,Small Forward,23,HOU,63,57,1.3,2.3,9.5
13589,2011,regular,Ryan Reid,Power Forward,25,OKC,5,0,0.2,0.2,1.6
13596,2011,regular,Ricky Rubio,Point Guard,21,MIN,41,31,3.2,2.4,10.6
13598,2011,regular,Walker Russell,Point Guard,29,DET,28,0,1.2,1.0,3.0
13605,2011,regular,Josh Selby,Point Guard,20,MEM,28,0,1.0,0.6,2.3
13610,2011,regular,Iman Shumpert,Point Guard,21,NYK,59,35,1.9,2.9,9.5
13611,2011,regular,Xavier Silas,Shooting Guard,24,PHI,2,0,1.5,2.5,5.5
13613,2011,regular,Chris Singleton,Small Forward,22,WAS,66,51,0.6,2.7,4.6
13616,2011,regular,Donald Sloan,Point Guard,24,TOT,33,11,1.5,1.1,5.5
13621,2011,regular,Greg Smith,Center,21,HOU,8,0,0.1,2.1,1.8
13627,2011,regular,Jerry Smith,Point Guard,24,NJN,5,0,0.0,1.0,1.4
13629,2011,regular,Nolan Smith,Point Guard,23,POR,44,4,1.0,1.3,3.8
13635,2011,regular,Greg Stiemsma,Center,26,BOS,55,3,0.6,2.6,2.9
13636,2011,regular,Julyan Stone,Shooting Guard,23,DEN,22,2,0.5,0.8,1.6
13646,2011,regular,Isaiah Thomas,Point Guard,22,SAC,65,37,1.6,1.9,11.5
13648,2011,regular,Lance Thomas,Power Forward,23,NOH,42,10,0.6,1.9,4.0
13649,2011,regular,Malcolm Thomas,Power Forward,23,SAS,3,0,0.0,0.0,0.3
13651,2011,regular,Trey Thompkins,Center,21,LAC,24,0,0.3,0.4,2.4
13653,2011,regular,Klay Thompson,Shooting Guard,21,GSW,66,29,1.6,2.3,12.5
13654,2011,regular,Mychel Thompson,Shooting Guard,23,CLE,5,3,1.0,1.6,3.6
13655,2011,regular,Tristan Thompson,Power Forward,20,CLE,60,25,1.4,2.2,8.2
13664,2011,regular,Jeremy Tyler,Center,20,GSW,42,23,0.9,2.0,4.9
13665,2011,regular,Edwin Ubiles,Small Forward,25,WAS,4,0,0.3,0.3,3.5
13675,2011,regular,Jan Veselý,Power Forward,21,WAS,57,20,1.1,2.7,4.7
13677,2011,regular,Nikola Vučević,Center,21,PHI,51,15,0.6,2.2,5.5
13681,2011,regular,Kemba Walker,Point Guard,21,CHA,66,25,1.8,1.2,12.1
13703,2011,regular,Derrick Williams,Power Forward,20,MIN,66,15,1.2,1.4,8.8
13704,2011,regular,Elliot Williams,Shooting Guard,22,POR,24,0,0.2,0.8,3.7
13705,2011,regular,Jordan Williams,Center,21,NJN,43,5,0.5,1.4,4.6
13720,2011,regular,Chris Wright,Small Forward,23,GSW,24,1,0.3,0.9,2.9
13933,2012,regular,Quincy Acy,Power Forward,22,TOR,29,0,0.6,1.8,4.0
13936,2012,regular,Josh Akognon,Point Guard,26,DAL,3,0,0.0,1.0,1.7
13969,2012,regular,Harrison Barnes,Small Forward,20,GSW,81,81,1.2,1.7,9.2
13974,2012,regular,Will Barton,Shooting Guard,22,POR,73,5,0.8,0.8,4.0
13979,2012,regular,Aron Baynes,Center,26,SAS,16,0,0.7,1.4,2.7
13980,2012,regular,Kent Bazemore,Shooting Guard,23,GSW,61,0,0.3,0.4,2.0
13981,2012,regular,Bradley Beal,Shooting Guard,19,WAS,56,46,1.6,2.0,13.9
13985,2012,regular,Patrick Beverley,Point Guard,24,HOU,41,0,1.1,2.0,5.6
14030,2012,regular,Victor Claver,Small Forward,24,POR,49,16,0.9,1.5,3.8
14042,2012,regular,Chris Copeland,Power Forward,28,NYK,56,13,0.9,1.9,8.7
14048,2012,regular,Jae Crowder,Small Forward,22,DAL,78,16,0.6,1.6,5.0
14050,2012,regular,Jared Cunningham,Shooting Guard,21,DAL,8,0,0.3,0.4,2.0
14055,2012,regular,Anthony Davis,Power Forward,19,NOH,64,60,1.4,2.5,13.5
14063,2012,regular,Nando De Colo,Shooting Guard,25,SAS,72,6,1.1,1.2,3.8
14076,2012,regular,Andre Drummond,Center,19,DET,60,10,1.0,2.4,7.9
14087,2012,regular,Kim English,Shooting Guard,24,DET,41,0,0.5,1.1,2.9
14091,2012,regular,Festus Ezeli,Center,23,GSW,78,41,0.8,2.0,2.4
14099,2012,regular,Evan Fournier,Shooting Guard,20,DEN,38,4,0.8,1.7,5.3
14102,2012,regular,Joel Freeland,Power Forward,25,POR,51,1,0.4,1.3,2.6
14108,2012,regular,Diante Garrett,Point Guard,24,PHO,19,0,0.8,0.3,2.1
14128,2012,regular,Draymond Green,Small Forward,22,GSW,79,1,0.6,2.0,2.9
14138,2012,regular,Ben Hansbrough,Point Guard,25,IND,28,0,0.6,0.8,2.0
14141,2012,regular,Maurice Harkless,Small Forward,19,ORL,76,59,0.9,1.9,8.2
14159,2012,regular,John Henson,Power Forward,22,MIL,63,9,0.7,1.3,6.0
14169,2012,regular,Justin Holiday,Shooting Guard,23,PHI,9,0,1.0,0.8,4.7
14185,2012,regular,Bernard James,Center,27,DAL,46,11,0.4,1.4,2.8
14196,2012,regular,John Jenkins,Shooting Guard,21,ATL,61,2,0.7,0.6,6.1
14205,2012,regular,Orlando Johnson,Shooting Guard,23,IND,51,0,0.6,1.0,4.0
14207,2012,regular,Darius Johnson-Odom,Shooting Guard,23,LAL,4,0,0.0,0.0,0.0
14211,2012,regular,DeQuan Jones,Small Forward,22,ORL,63,17,0.5,0.9,3.7
14214,2012,regular,Kevin Jones,Power Forward,23,CLE,32,0,0.3,0.8,3.0
14215,2012,regular,Perry Jones,Small Forward,21,OKC,38,1,0.4,0.6,2.3
14217,2012,regular,Terrence Jones,Power Forward,21,HOU,19,0,0.7,1.1,5.5
14220,2012,regular,Kris Joseph,Small Forward,24,TOT,10,0,0.2,0.3,0.9
14226,2012,regular,Michael Kidd-Gilchrist,Small Forward,19,CHA,78,77,1.3,2.1,9.0
14232,2012,regular,Viacheslav Kravtsov,Center,25,DET,25,0,0.6,1.3,3.1
14233,2012,regular,Doron Lamb,Shooting Guard,21,TOT,47,0,0.6,1.1,3.3
14236,2012,regular,Jeremy Lamb,Small Forward,20,OKC,23,0,0.3,0.6,3.1
14243,2012,regular,Meyers Leonard,Center,20,POR,69,9,0.7,2.4,5.5
14249,2012,regular,Damian Lillard,Point Guard,22,POR,82,82,3.0,2.1,19.0
14259,2012,regular,Scott Machado,Point Guard,22,HOU,6,0,1.3,0.0,1.3
14267,2012,regular,Kendall Marshall,Point Guard,21,PHO,48,3,1.2,1.0,3.0
14288,2012,regular,Fab Melo,Center,22,BOS,6,0,0.2,1.2,1.2
14289,2012,regular,Khris Middleton,Shooting Guard,21,DET,27,0,0.4,2.0,6.1
14293,2012,regular,Darius Miller,Small Forward,22,NOH,52,2,0.4,1.7,2.3
14295,2012,regular,Quincy Miller,Power Forward,20,DEN,7,0,0.1,0.4,1.3
14309,2012,regular,Donatas Motiejūnas,Power Forward,22,HOU,44,14,0.8,1.7,5.7
14310,2012,regular,Arnett Moultrie,Power Forward,22,PHI,47,0,0.4,0.9,3.7
14313,2012,regular,Kevin Murphy,Shooting Guard,22,UTA,17,0,0.2,0.2,0.9
14318,2012,regular,Andrew Nicholson,Power Forward,23,ORL,75,28,1.1,1.8,7.8
14323,2012,regular,Kyle O'Quinn,Center,22,ORL,57,5,0.6,1.9,4.1
14325,2012,regular,Tim Ohlbrecht,Center,24,HOU,3,0,1.3,0.3,1.0
14352,2012,regular,Miles Plumlee,Center,24,IND,14,0,0.2,0.4,0.9
14356,2012,regular,Pablo Prigioni,Point Guard,35,NYK,78,18,1.1,1.6,3.5
14372,2012,regular,Austin Rivers,Shooting Guard,20,NOH,61,26,1.2,2.0,6.2
14373,2012,regular,Brian Roberts,Point Guard,27,NOH,78,5,0.9,1.4,7.1
14375,2012,regular,Thomas Robinson,Power Forward,21,TOT,70,0,1.3,1.8,4.8
14379,2012,regular,Terrence Ross,Shooting Guard,21,TOR,73,2,0.7,1.7,6.4
14383,2012,regular,Robert Sacre,Center,23,LAL,32,3,0.3,1.2,1.3
14388,2012,regular,Mike Scott,Power Forward,24,ATL,40,1,0.5,0.8,4.6
14393,2012,regular,Tornike Shengelia,Small Forward,21,BRK,19,0,0.6,0.6,1.6
14395,2012,regular,Alexey Shved,Shooting Guard,24,MIN,77,16,1.9,1.5,8.6
14396,2012,regular,Henry Sims,Center,22,NOH,2,0,0.5,0.5,2.0
14397,2012,regular,Kyle Singler,Small Forward,24,DET,82,74,1.2,2.6,8.8
14421,2012,regular,Jared Sullinger,Power Forward,20,BOS,45,5,0.6,3.4,6.0
14423,2012,regular,Jeffery Taylor,Small Forward,23,CHA,77,29,0.6,1.8,6.1
14424,2012,regular,Tyshawn Taylor,Point Guard,22,BRK,38,0,0.7,0.7,2.2
14426,2012,regular,Marquis Teague,Point Guard,19,CHI,48,0,0.7,1.0,2.1
14427,2012,regular,Mirza Teletović,Power Forward,27,BRK,53,0,0.4,1.0,3.5
14458,2012,regular,Jonas Valančiūnas,Center,20,TOR,62,57,1.5,3.0,8.9
14460,2012,regular,Jarvis Varnado,Power Forward,24,TOT,13,0,0.5,0.8,0.6
14468,2012,regular,Dion Waiters,Shooting Guard,21,CLE,61,48,2.0,1.9,14.7
14479,2012,regular,Maalik Wayns,Point Guard,21,TOT,27,1,0.6,1.0,2.8
14500,2012,regular,Tony Wroten,Shooting Guard,19,MEM,35,0,0.8,1.0,2.6
14504,2012,regular,Luke Zeller,Center,25,PHO,16,0,0.0,0.3,1.2
14505,2012,regular,Tyler Zeller,Center,23,CLE,77,55,1.2,3.3,7.9
14718,2013,regular,Steven Adams,Center,20,OKC,81,20,0.9,2.5,3.3
14739,2013,regular,Giannis Antetokounmpo,Small Forward,19,MIL,77,23,1.6,2.2,6.8
14744,2013,regular,Pero Antić,Center,31,ATL,50,26,1.1,2.5,7.0
14754,2013,regular,Chris Babb,Shooting Guard,23,BOS,14,0,0.2,0.9,1.6
14775,2013,regular,Anthony Bennett,Power Forward,20,CLE,52,0,0.9,1.8,4.2
14786,2013,regular,Vander Blue,Shooting Guard,21,BOS,3,0,0.7,0.3,1.7
14806,2013,regular,Lorenzo Brown,Point Guard,23,PHI,26,0,0.6,0.7,2.5
14812,2013,regular,Reggie Bullock,Small Forward,22,LAC,43,0,0.3,0.6,2.7
14813,2013,regular,Trey Burke,Point Guard,21,UTA,70,68,1.9,2.1,12.8
14820,2013,regular,Dwight Buycks,Point Guard,24,TOR,14,0,0.7,0.8,3.1
14825,2013,regular,Nick Calathes,Shooting Guard,24,MEM,71,7,1.4,1.6,4.9
14827,2013,regular,Kentavious Caldwell-Pope,Shooting Guard,20,DET,80,41,0.4,1.8,5.9
14828,2013,regular,Isaiah Canaan,Point Guard,22,HOU,22,0,1.0,1.1,4.6
14831,2013,regular,Michael Carter-Williams,Point Guard,22,PHI,70,70,3.5,3.0,16.7
14837,2013,regular,Dionte Christmas,Small Forward,27,PHO,31,0,0.2,0.6,2.3
14841,2013,regular,Ian Clark,Shooting Guard,22,UTA,23,0,0.6,1.0,3.0
14850,2013,regular,Robert Covington,Small Forward,23,HOU,7,0,0.1,0.4,2.3
14851,2013,regular,Allen Crabbe,Shooting Guard,21,POR,15,0,0.2,0.7,2.2
14861,2013,regular,Seth Curry,Point Guard,23,TOT,2,0,0.0,0.0,1.5
14866,2013,regular,Troy Daniels,Shooting Guard,22,HOU,5,1,0.6,1.2,8.4
14867,2013,regular,Luigi Datome,Small Forward,26,DET,34,0,0.3,0.6,2.4
14868,2013,regular,Brandon Davies,Power Forward,22,PHI,51,0,0.7,1.8,2.8
14880,2013,regular,Dewayne Dedmon,Center,24,TOT,31,6,0.6,2.1,3.1
14884,2013,regular,Matthew Dellavedova,Shooting Guard,23,CLE,72,4,0.8,1.7,4.7
14890,2013,regular,Gorgui Dieng,Center,24,MIN,60,15,0.9,1.8,4.8
14901,2013,regular,Shane Edwards,Small Forward,26,CLE,2,0,0.5,0.5,1.0
14912,2013,regular,Vítor Faverani,Center,25,BOS,37,8,1.1,2.0,4.4
14914,2013,regular,Carrick Felix,Shooting Guard,23,CLE,7,0,0.6,0.6,2.7
14920,2013,regular,Jamaal Franklin,Shooting Guard,22,MEM,21,0,0.5,1.1,1.9
14938,2013,regular,Rudy Gobert,Center,21,UTA,45,0,0.7,1.3,2.3
14941,2013,regular,Archie Goodwin,Shooting Guard,19,PHO,52,0,0.8,0.9,3.7
14957,2013,regular,Jorge Gutiérrez,Point Guard,25,BRK,15,2,0.9,2.5,4.1
14961,2013,regular,Justin Hamilton,Center,23,TOT,8,0,0.5,1.0,3.3
14971,2013,regular,Elias Harris,Small Forward,24,LAL,2,0,0.0,0.0,0.0
14991,2013,regular,Solomon Hill,Small Forward,22,IND,28,0,0.5,0.7,1.7
14995,2013,regular,Scotty Hopson,Shooting Guard,24,CLE,2,0,0.0,0.0,0.5
14998,2013,regular,Robbie Hummel,Small Forward,24,MIN,53,5,0.2,1.1,3.4
15038,2013,regular,Sergey Karasev,Small Forward,20,CLE,22,1,0.5,1.0,1.7
15039,2013,regular,Ryan Kelly,Power Forward,22,LAL,59,25,0.8,2.5,8.0
15046,2013,regular,Ognjen Kuzmić,Center,23,GSW,21,0,0.5,0.8,0.7
15050,2013,regular,Shane Larkin,Point Guard,21,DAL,48,0,0.8,1.0,2.8
15052,2013,regular,Ricky Ledo,Shooting Guard,21,DAL,11,0,0.2,0.2,1.7
15057,2013,regular,Alex Len,Center,20,PHO,42,3,0.6,1.6,2.0
15090,2013,regular,Ray McCallum,Point Guard,22,SAC,45,10,0.9,1.5,6.2
15091,2013,regular,CJ McCollum,Shooting Guard,22,POR,38,0,0.9,1.4,5.3
15093,2013,regular,Ben McLemore,Shooting Guard,20,SAC,82,55,1.2,2.5,8.8
15096,2013,regular,Gal Mekel,Point Guard,25,DAL,31,1,1.0,1.0,2.4
15107,2013,regular,Tony Mitchell,Power Forward,21,DET,21,0,0.2,0.4,1.0
15122,2013,regular,Shabazz Muhammad,Shooting Guard,21,MIN,37,0,0.4,0.6,3.9
15126,2013,regular,Erik Murphy,Center,23,CHI,24,0,0.1,0.3,0.3
15127,2013,regular,Toure' Murry,Point Guard,24,NYK,51,0,0.7,0.9,2.7
15128,2013,regular,Mike Muscala,Power Forward,22,ATL,20,0,0.6,1.5,3.8
15134,2013,regular,Nemanja Nedović,Shooting Guard,22,GSW,24,0,0.5,0.5,1.1
15140,2013,regular,James Nunnally,Small Forward,23,TOT,13,0,0.5,0.8,3.4
15146,2013,regular,Victor Oladipo,Point Guard,21,ORL,80,44,3.2,2.6,13.8
15147,2013,regular,Kelly Olynyk,Center,22,BOS,70,9,1.5,3.2,8.7
15148,2013,regular,Arinze Onuaku,Power Forward,26,TOT,5,0,0.2,0.6,0.6
15165,2013,regular,Mason Plumlee,Center,23,BRK,70,22,1.1,2.4,7.4
15168,2013,regular,Otto Porter,Small Forward,20,WAS,37,0,0.4,0.7,2.1
15170,2013,regular,Phil Pressey,Point Guard,22,BOS,75,11,1.2,1.3,2.8
15175,2013,regular,Miroslav Raduljica,Center,26,MIL,48,2,0.6,1.8,3.8
15185,2013,regular,Andre Roberson,Shooting Guard,22,OKC,40,16,0.5,1.9,1.9
15199,2013,regular,Dennis Schröder,Point Guard,20,ATL,49,0,1.2,1.1,3.7
15218,2013,regular,Peyton Siva,Shooting Guard,23,DET,24,0,0.8,1.1,2.3
15226,2013,regular,Tony Snell,Shooting Guard,22,CHI,77,12,0.6,1.1,4.5
15227,2013,regular,James Southerland,Small Forward,23,TOT,4,0,0.3,0.8,3.5
15232,2013,regular,D.J. Stephens,Shooting Guard,23,MIL,3,0,0.0,0.0,2.3
15249,2013,regular,Adonis Thomas,Small Forward,20,TOT,6,1,0.2,1.0,2.3
15257,2013,regular,Hollis Thompson,Small Forward,22,PHI,77,41,0.8,1.9,6.0
15296,2013,regular,Casper Ware,Point Guard,24,PHI,9,0,0.6,1.2,5.3
15304,2013,regular,Royce White,Power Forward,22,SAC,3,0,0.0,0.7,0.0
15315,2013,regular,Jeff Withey,Center,23,NOP,58,4,0.3,1.3,3.3
15316,2013,regular,Nate Wolters,Point Guard,22,MIL,58,31,1.0,1.2,7.2
15324,2013,regular,Cody Zeller,Center,21,CHA,82,3,1.1,2.1,6.0
15531,2014,regular,Jordan Adams,Shooting Guard,20,MEM,30,0,0.5,0.8,3.1
15538,2014,regular,Furkan Aldemir,Power Forward,23,PHI,41,9,0.4,2.3,2.3
15549,2014,regular,Kyle Anderson,Small Forward,21,SAS,33,8,0.3,0.8,2.2
15563,2014,regular,Cameron Bairstow,Power Forward,24,CHI,18,1,0.2,0.4,0.6
15581,2014,regular,Jerrelle Benimon,Power Forward,23,UTA,2,0,0.5,0.0,0.0
15584,2014,regular,Sim Bhullar,Center,22,SAC,3,0,0.0,0.0,0.7
15586,2014,regular,Tarik Black,Center,23,TOT,63,39,0.8,2.5,6.0
15593,2014,regular,Bojan Bogdanović,Small Forward,25,BRK,78,28,1.0,1.3,9.0
15605,2014,regular,Jabari Brown,Shooting Guard,22,LAL,19,5,1.7,1.7,11.9
15607,2014,regular,Markel Brown,Shooting Guard,23,BRK,47,29,0.6,1.2,4.6
15621,2014,regular,Bruno Caboclo,Small Forward,19,TOR,8,0,0.5,0.4,1.3
15628,2014,regular,Clint Capela,Center,20,HOU,12,0,0.4,1.2,2.7
15638,2014,regular,Will Cherry,Point Guard,23,CLE,8,0,0.5,1.3,1.9
15639,2014,regular,Patrick Christopher,Shooting Guard,26,UTA,4,1,0.3,1.5,1.5
15644,2014,regular,Jordan Clarkson,Point Guard,22,LAL,59,38,1.6,1.8,11.9
15652,2014,regular,Jack Cooley,Center,23,UTA,16,0,0.2,1.4,1.7
15654,2014,regular,Bryce Cotton,Point Guard,22,UTA,15,0,0.8,0.4,5.3
15680,2014,regular,Andre Dawkins,Shooting Guard,23,MIA,4,0,0.3,0.8,0.8
15690,2014,regular,Spencer Dinwiddie,Point Guard,21,DET,34,1,1.0,1.6,4.3
15697,2014,regular,Zoran Dragić,Shooting Guard,25,TOT,16,1,0.3,0.4,1.8
15700,2014,regular,Larry Drew,Point Guard,24,PHI,12,1,2.1,1.1,3.8
15706,2014,regular,Cleanthony Early,Small Forward,23,NYK,39,7,1.0,1.5,5.4
15709,2014,regular,James Ennis,Small Forward,24,MIA,62,3,0.6,1.4,5.0
15710,2014,regular,Tyler Ennis,Point Guard,20,TOT,33,1,1.3,1.1,3.7
15716,2014,regular,Dante Exum,Point Guard,19,UTA,82,41,1.4,1.8,4.8
15726,2014,regular,Tim Frazier,Point Guard,24,TOT,11,3,2.3,2.4,5.2
15733,2014,regular,Langston Galloway,Point Guard,23,NYK,45,41,1.4,2.9,11.8
15750,2014,regular,Aaron Gordon,Power Forward,19,ORL,47,8,0.8,1.8,5.2
15752,2014,regular,Drew Gordon,Power Forward,24,PHI,9,0,0.9,0.8,1.9
15756,2014,regular,Jerami Grant,Small Forward,20,PHI,65,11,1.3,2.2,6.3
15759,2014,regular,Erick Green,Point Guard,23,DEN,43,1,0.3,0.6,3.4
15761,2014,regular,JaMychal Green,Power Forward,24,TOT,24,1,0.6,1.0,2.6
15772,2014,regular,P.J. Hairston,Shooting Guard,22,CHO,45,2,0.5,1.4,5.6
15782,2014,regular,Gary Harris,Shooting Guard,20,DEN,55,6,0.7,1.3,3.4
15783,2014,regular,Joe Harris,Shooting Guard,23,CLE,51,1,0.5,1.2,2.7
15803,2014,regular,Rodney Hood,Shooting Guard,22,UTA,50,21,0.9,2.4,8.7
15812,2014,regular,Joe Ingles,Small Forward,27,UTA,79,32,1.2,1.6,5.0
15821,2014,regular,Cory Jefferson,Power Forward,24,BRK,50,1,0.4,1.2,3.7
15828,2014,regular,Grant Jerrett,Power Forward,21,TOT,8,0,0.4,1.4,2.0
15838,2014,regular,Nick Johnson,Shooting Guard,22,HOU,28,0,0.7,1.2,2.6
15839,2014,regular,Tyler Johnson,Shooting Guard,22,MIA,32,2,0.9,1.3,5.9
15855,2014,regular,Sean Kilpatrick,Shooting Guard,25,MIN,4,0,0.5,0.8,5.5
15857,2014,regular,Alex Kirk,Center,23,CLE,5,0,0.0,0.2,0.8
15867,2014,regular,Joffrey Lauvergne,Center,23,DEN,24,1,0.9,1.8,3.9
15868,2014,regular,Zach LaVine,Point Guard,19,MIN,77,40,2.5,2.1,10.1
15887,2014,regular,Kalin Lucas,Point Guard,25,MEM,1,0,0.0,1.0,0.0
15891,2014,regular,Devyn Marble,Shooting Guard,22,ORL,16,7,0.6,0.9,2.3
15901,2014,regular,James Michael McAdoo,Power Forward,22,GSW,15,0,0.4,1.4,4.1
15904,2014,regular,K.J. McDaniels,Shooting Guard,21,TOT,62,15,1.7,2.0,7.9
15907,2014,regular,Doug McDermott,Small Forward,23,CHI,36,0,0.5,0.8,3.0
15908,2014,regular,Mitch McGary,Power Forward,22,OKC,32,2,1.0,2.3,6.3
15913,2014,regular,Jerel McNeal,Point Guard,27,PHO,6,0,0.8,0.8,1.5
15928,2014,regular,Elijah Millsap,Shooting Guard,27,UTA,47,5,1.4,2.6,5.3
15930,2014,regular,Nikola Mirotić,Power Forward,23,CHI,82,3,1.1,2.1,10.2
15934,2014,regular,Eric Moreland,Power Forward,23,SAC,3,0,0.0,0.3,0.7
15948,2014,regular,Shabazz Napier,Point Guard,23,MIA,51,10,1.6,1.5,5.1
15958,2014,regular,Nerlens Noel,Center,20,PHI,75,71,1.9,2.8,9.9
15959,2014,regular,Lucas Nogueira,Center,22,TOR,6,0,0.3,1.0,1.0
15964,2014,regular,Jusuf Nurkić,Center,20,DEN,62,27,1.4,3.3,6.9
15965,2014,regular,Johnny O'Bryant,Power Forward,21,MIL,34,15,0.7,1.3,2.9
15971,2014,regular,Kostas Papanikolaou,Small Forward,24,HOU,43,1,1.3,1.7,4.2
15973,2014,regular,Jabari Parker,Power Forward,19,MIL,25,25,1.9,1.7,12.3
15978,2014,regular,Adreian Payne,Power Forward,23,TOT,32,22,1.4,2.8,6.7
15981,2014,regular,Elfrid Payton,Point Guard,20,ORL,82,63,2.5,2.4,8.9
15995,2014,regular,Dwight Powell,Power Forward,23,TOT,29,0,0.4,1.4,3.1
16012,2014,regular,Julius Randle,Power Forward,20,LAL,1,0,1.0,1.0,2.0
16041,2014,regular,Damjan Rudež,Small Forward,28,IND,68,2,0.7,1.2,4.8
16045,2014,regular,JaKarr Sampson,Small Forward,21,PHI,74,32,1.0,1.8,5.2
16067,2014,regular,Marcus Smart,Point Guard,20,BOS,67,38,1.3,2.6,7.8
16079,2014,regular,Russ Smith,Point Guard,23,TOT,12,0,1.0,1.1,2.5
16085,2014,regular,Nik Stauskas,Shooting Guard,21,SAC,73,1,0.5,1.3,4.4
16088,2014,regular,David Stockton,Point Guard,23,SAC,3,0,1.3,0.3,2.7
16089,2014,regular,Jarnell Stokes,Power Forward,21,MEM,19,2,0.4,1.3,3.0
16129,2014,regular,Noah Vonleh,Power Forward,19,CHO,25,0,0.4,0.8,3.3
16139,2014,regular,T.J. Warren,Small Forward,21,PHO,40,1,0.7,1.3,6.1
16141,2014,regular,David Wear,Power Forward,24,SAC,2,0,0.0,0.5,0.0
16142,2014,regular,Travis Wear,Small Forward,24,NYK,51,1,0.7,1.1,3.9
16147,2014,regular,Shayne Whittington,Power Forward,23,IND,20,0,0.3,0.9,2.9
16148,2014,regular,Andrew Wiggins,Small Forward,19,MIN,82,82,2.2,2.3,16.9
16149,2014,regular,C.J. Wilcox,Shooting Guard,24,LAC,21,0,0.5,0.3,2.0
16174,2014,regular,James Young,Shooting Guard,19,BOS,31,0,0.2,0.7,3.4
16396,2015,regular,Cliff Alexander,Power Forward,20,POR,8,0,0.1,0.1,1.3
16406,2015,regular,Justin Anderson,Small Forward,22,DAL,55,9,0.4,0.8,3.8
16410,2015,regular,Thanasis Antetokounmpo,Small Forward,23,NYK,2,0,0.0,1.0,3.0
16413,2015,regular,Keith Appling,Point Guard,23,ORL,5,0,0.6,1.0,1.2
16440,2015,regular,Nemanja Bjelica,Power Forward,27,MIN,60,0,0.8,2.6,5.1
16448,2015,regular,Devin Booker,Shooting Guard,19,PHO,76,51,2.1,3.0,13.8
16455,2015,regular,Anthony Brown,Small Forward,23,LAL,29,11,0.5,1.2,4.0
16477,2015,regular,Willie Cauley-Stein,Center,22,SAC,66,39,0.7,2.2,7.0
16482,2015,regular,Rakeem Christmas,Power Forward,24,IND,1,0,0.0,1.0,4.0
16484,2015,regular,Coty Clarke,Small Forward,23,BOS,3,0,0.3,0.0,2.0
16490,2015,regular,Pat Connaughton,Shooting Guard,23,POR,34,0,0.3,0.2,1.1
16509,2015,regular,Branden Dawson,Power Forward,22,LAC,6,0,0.0,0.3,0.8
16511,2015,regular,Bryce Dejean-Jones,Shooting Guard,23,NOP,14,11,0.8,1.2,5.6
16512,2015,regular,Sam Dekker,Power Forward,21,HOU,3,0,0.0,0.0,0.0
16523,2015,regular,Duje Dukan,Small Forward,24,SAC,1,0,0.0,2.0,6.0
16528,2015,regular,Jarell Eddie,Small Forward,24,WAS,26,0,0.0,0.2,2.4
16542,2015,regular,Cristiano Felício,Center,23,CHI,31,4,0.4,1.0,3.4
16575,2015,regular,Jerian Grant,Point Guard,23,NYK,76,6,1.1,1.3,5.6
16597,2015,regular,Montrezl Harrell,Power Forward,22,HOU,39,1,0.4,1.2,3.6
16604,2015,regular,Aaron Harrison,Shooting Guard,21,CHO,21,0,0.2,0.5,0.9
16611,2015,regular,Mario Hezonja,Small Forward,20,ORL,79,9,1.2,1.6,6.1
16620,2015,regular,Darrun Hilliard,Shooting Guard,22,DET,38,2,0.5,0.7,4.0
16631,2015,regular,Rondae Hollis-Jefferson,Small Forward,21,BRK,29,17,0.9,2.1,5.8
16632,2015,regular,Richaun Holmes,Power Forward,22,PHI,51,1,0.6,1.8,5.6
16636,2015,regular,Marcelo Huertas,Point Guard,32,LAL,53,0,1.5,1.4,4.5
16637,2015,regular,Josh Huestis,Power Forward,24,OKC,5,0,0.6,0.6,2.8
16642,2015,regular,R.J. Hunter,Shooting Guard,22,BOS,36,0,0.3,0.8,2.7
16649,2015,regular,Damien Inglis,Small Forward,20,MIL,20,1,0.6,0.6,1.8
16673,2015,regular,Stanley Johnson,Small Forward,19,DET,73,6,1.6,2.4,8.1
16676,2015,regular,Nikola Jokić,Center,20,DEN,80,55,1.3,2.6,10.0
16680,2015,regular,Tyus Jones,Point Guard,19,MIN,37,0,0.9,0.9,4.2
16684,2015,regular,Frank Kaminsky,Center,22,CHO,81,3,0.7,1.6,7.5
16687,2015,regular,Sasha Kaun,Center,30,CLE,25,0,0.3,0.4,0.9
16717,2015,regular,Kevon Looney,Power Forward,19,GSW,5,0,0.2,0.4,1.8
16722,2015,regular,Trey Lyles,Power Forward,20,UTA,80,33,0.8,1.4,6.1
16728,2015,regular,Boban Marjanović,Center,27,SAS,54,4,0.5,1.0,5.5
16730,2015,regular,Jarell Martin,Power Forward,21,MEM,27,0,0.7,2.1,5.7
16742,2015,regular,T.J. McConnell,Point Guard,23,PHI,81,17,1.7,1.4,6.1
16743,2015,regular,Chris McCullough,Power Forward,20,BRK,24,4,0.6,1.6,4.7
16749,2015,regular,Jordan McRae,Point Guard,24,TOT,22,1,0.7,0.8,4.5
16754,2015,regular,Salah Mejri,Center,29,DAL,34,6,0.7,1.6,3.7
16755,2015,regular,Jordan Mickey,Power Forward,21,BOS,16,0,0.1,0.3,1.3
16768,2015,regular,Luis Montero,Shooting Guard,22,POR,12,0,0.3,0.1,1.2
16778,2015,regular,Emmanuel Mudiay,Point Guard,19,DEN,68,66,3.2,2.1,12.8
16780,2015,regular,Xavier Munford,Shooting Guard,23,MEM,14,0,1.1,1.8,5.7
16786,2015,regular,Raul Neto,Point Guard,23,UTA,81,53,1.3,1.5,5.9
16796,2015,regular,J.J. O'Brien,Small Forward,23,UTA,2,0,0.0,0.5,0.0
16799,2015,regular,Jahlil Okafor,Center,20,PHI,53,48,2.3,2.6,17.5
16802,2015,regular,Kelly Oubre,Small Forward,20,WAS,63,9,0.5,1.6,3.7
16808,2015,regular,Lamar Patterson,Shooting Guard,24,ATL,35,0,0.7,1.3,2.4
16812,2015,regular,Cameron Payne,Point Guard,21,OKC,57,1,0.8,1.4,5.0
16817,2015,regular,Tibor Pleiß,Center,26,UTA,12,0,0.7,1.6,2.0
16821,2015,regular,Bobby Portis,Power Forward,20,CHI,62,4,0.9,1.6,7.0
16822,2015,regular,Kristaps Porziņģis,Power Forward,20,NYK,72,72,1.7,2.8,14.3
16824,2015,regular,Norman Powell,Shooting Guard,22,TOR,49,24,0.7,1.2,5.6
16834,2015,regular,Willie Reed,Center,25,BRK,39,2,0.4,1.2,4.7
16835,2015,regular,Josh Richardson,Shooting Guard,22,MIA,52,2,0.7,2.1,6.6
16847,2015,regular,Terry Rozier,Point Guard,21,BOS,39,0,0.5,0.6,1.8
16851,2015,regular,D'Angelo Russell,Point Guard,19,LAL,80,48,2.5,1.8,13.2
16863,2015,regular,Jonathon Simmons,Shooting Guard,26,SAS,55,2,1.0,1.9,6.0
16885,2015,regular,Alex Stepheson,Power Forward,28,TOT,8,0,0.0,1.5,2.8
16894,2015,regular,Edy Tavares,Center,23,ATL,11,0,0.5,0.7,2.3
16911,2015,regular,Axel Toupane,Small Forward,23,DEN,21,0,0.3,1.9,3.6
16912,2015,regular,Karl-Anthony Towns,Center,20,MIN,82,82,2.2,3.0,18.3
16915,2015,regular,Myles Turner,Center,19,IND,60,30,1.1,2.6,10.3
16924,2015,regular,Rashad Vaughn,Shooting Guard,19,MIL,70,6,0.4,1.0,3.1
16935,2015,regular,Briante Weber,Point Guard,23,TOT,7,4,1.3,1.7,4.4
16947,2015,regular,Alan Williams,Power Forward,23,PHO,10,0,0.6,1.5,2.9
16954,2015,regular,Justise Winslow,Small Forward,19,MIA,78,8,1.2,2.4,6.4
16956,2015,regular,Christian Wood,Power Forward,20,PHI,17,0,0.1,0.6,3.6
16959,2015,regular,Delon Wright,Point Guard,23,TOR,27,1,0.6,0.3,3.8
16962,2015,regular,Joe Young,Point Guard,23,IND,41,0,0.8,0.7,3.8
17047,2015,post,John Holland,Small Forward,27,BOS,1,0,0.0,0.0,0.0
17182,2016,regular,Álex Abrines,Shooting Guard,23,OKC,68,6,0.5,1.7,6.0
17209,2016,regular,Ron Baker,Shooting Guard,23,NYK,52,13,1.1,1.4,4.1
17210,2016,regular,Wade Baldwin,Point Guard,20,MEM,33,1,1.2,1.2,3.2
17224,2016,regular,Malik Beasley,Shooting Guard,20,DEN,22,1,0.4,0.5,3.8
17227,2016,regular,DeAndre' Bembry,Small Forward,22,ATL,38,1,0.4,0.6,2.7
17228,2016,regular,Dragan Bender,Power Forward,19,PHO,43,0,0.7,1.7,3.4
17230,2016,regular,Ben Bentil,Power Forward,21,DAL,3,0,0.3,0.3,0.0
17231,2016,regular,Dāvis Bertāns,Power Forward,24,SAS,67,6,0.5,1.1,4.5
17243,2016,regular,Joel Bolomboy,Power Forward,23,UTA,12,0,0.2,0.1,1.8
17250,2016,regular,Malcolm Brogdon,Shooting Guard,24,MIL,75,28,1.5,1.9,10.2
17256,2016,regular,Jaylen Brown,Small Forward,20,BOS,78,20,0.9,1.8,6.6
17257,2016,regular,Nicolás Brussino,Shooting Guard,23,DAL,54,2,0.5,0.8,2.8
17279,2016,regular,Marquese Chriss,Power Forward,19,PHO,82,75,1.3,3.2,9.2
17281,2016,regular,Semaj Christon,Point Guard,24,OKC,64,1,0.7,1.2,2.9
17289,2016,regular,Quinn Cook,Point Guard,23,TOT,14,0,0.9,0.9,5.6
17305,2016,regular,Deyonta Davis,Center,20,MEM,36,0,0.2,1.1,1.6
17309,2016,regular,Malcolm Delaney,Point Guard,27,ATL,73,2,1.3,1.5,5.4
17313,2016,regular,Cheick Diallo,Power Forward,20,NOP,17,0,0.4,1.0,5.1
17324,2016,regular,Kris Dunn,Point Guard,22,MIN,78,7,1.1,2.3,3.8
17327,2016,regular,Henry Ellenson,Power Forward,20,DET,19,2,0.7,0.3,3.2
17330,2016,regular,Joel Embiid,Center,22,PHI,31,31,3.8,3.6,20.2
17342,2016,regular,Kay Felder,Point Guard,21,CLE,42,0,0.7,0.9,4.0
17345,2016,regular,Yogi Ferrell,Point Guard,23,TOT,46,29,1.5,2.0,10.0
17348,2016,regular,Dorian Finney-Smith,Power Forward,23,DAL,81,35,0.6,1.5,4.3
17349,2016,regular,Bryn Forbes,Shooting Guard,23,SAS,36,0,0.3,0.6,2.6
17358,2016,regular,Patricio Garino,Shooting Guard,23,ORL,5,0,0.6,0.8,0.0
17362,2016,regular,Michael Gbinije,Shooting Guard,24,DET,9,0,0.0,0.2,0.4
17365,2016,regular,Marcus Georges-Hunt,Shooting Guard,22,ORL,5,0,0.4,1.0,2.8
17366,2016,regular,Jonathan Gibson,Point Guard,29,DAL,17,0,1.2,1.2,6.2
17378,2016,regular,Treveon Graham,Shooting Guard,23,CHO,27,1,0.1,0.7,2.1
17390,2016,regular,A.J. Hammons,Center,24,DAL,22,0,0.5,1.0,2.2
17402,2016,regular,Andrew Harrison,Point Guard,22,MEM,72,18,1.2,2.7,5.9
17410,2016,regular,Juan Hernangómez,Power Forward,21,DEN,62,9,0.5,1.0,4.9
17411,2016,regular,Willy Hernangómez,Center,22,NYK,72,22,1.4,2.1,8.2
17416,2016,regular,Buddy Hield,Shooting Guard,24,TOT,82,55,1.2,1.4,10.6
17430,2016,regular,Danuel House,Shooting Guard,23,WAS,1,0,0.0,0.0,0.0
17445,2016,regular,Brandon Ingram,Small Forward,19,LAL,79,40,1.5,2.0,9.4
17448,2016,regular,Demetrius Jackson,Point Guard,22,BOS,5,0,0.0,0.0,2.0
17449,2016,regular,Pierre Jackson,Point Guard,25,DAL,8,1,0.4,0.6,4.4
17460,2016,regular,Brice Johnson,Power Forward,22,LAC,3,0,0.3,0.0,1.3
17468,2016,regular,Damian Jones,Center,21,GSW,10,0,0.6,1.5,1.9
17469,2016,regular,Derrick Jones,Small Forward,19,PHO,32,8,0.4,2.0,5.3
17487,2016,regular,Mindaugas Kuzminskas,Small Forward,27,NYK,68,5,0.8,1.2,6.3
17488,2016,regular,Skal Labissière,Power Forward,20,SAC,33,12,1.1,1.9,8.8
17490,2016,regular,Nicolás Laprovíttola,Point Guard,27,SAS,18,3,1.1,1.1,3.3
17496,2016,regular,Jake Layman,Small Forward,22,POR,35,1,0.3,0.6,2.2
17503,2016,regular,Caris LeVert,Small Forward,22,BRK,57,26,1.0,1.6,8.2
17510,2016,regular,Shawn Long,Center,24,PHI,18,0,0.7,2.7,8.2
17517,2016,regular,Timothé Luwawu-Cabarrot,Small Forward,21,PHI,69,19,1.1,2.2,6.4
17519,2016,regular,Sheldon Mac,Shooting Guard,24,WAS,30,3,0.2,0.6,3.0
17522,2016,regular,Thon Maker,Center,19,MIL,57,34,0.3,1.5,4.0
17528,2016,regular,Patrick McCaw,Shooting Guard,21,GSW,71,20,0.5,0.9,4.0
17541,2016,regular,Rodney McGruder,Shooting Guard,25,MIA,78,65,0.7,1.8,6.4
17566,2016,regular,Dejounte Murray,Point Guard,20,SAS,38,8,1.0,0.8,3.4
17567,2016,regular,Jamal Murray,Shooting Guard,19,DEN,82,10,1.4,1.5,9.9
17571,2016,regular,Maurice Ndour,Power Forward,24,NYK,32,4,0.4,0.9,3.1
17575,2016,regular,Georges Niang,Power Forward,23,IND,23,0,0.2,0.3,0.9
17589,2016,regular,David Nwaba,Shooting Guard,24,LAL,20,2,0.6,1.8,6.0
17594,2016,regular,Daniel Ochefu,Center,23,WAS,19,0,0.2,0.9,1.3
17599,2016,regular,Chinanu Onuaku,Center,20,HOU,5,1,0.8,1.2,2.8
17602,2016,regular,Georgios Papagiannis,Center,19,SAC,22,0,1.1,2.0,5.6
17614,2016,regular,Gary Payton,Point Guard,24,MIL,6,0,1.7,1.5,3.3
17616,2016,regular,Marshall Plumlee,Center,24,NYK,21,1,0.6,1.1,1.9
17623,2016,regular,Jakob Pöltl,Center,21,TOR,54,4,0.5,2.1,3.1
17629,2016,regular,Alex Poythress,Power Forward,23,PHI,6,1,0.5,2.3,10.7
17631,2016,regular,Tim Quarterman,Shooting Guard,22,POR,16,0,0.7,0.4,1.9
17632,2016,regular,Chasson Randle,Point Guard,23,TOT,26,0,0.7,1.5,5.3
17640,2016,regular,Malachi Richardson,Shooting Guard,21,SAC,22,0,0.4,1.0,3.6
17657,2016,regular,Domantas Sabonis,Power Forward,20,OKC,81,66,1.0,2.5,5.9
17659,2016,regular,Dario Šarić,Power Forward,22,PHI,81,36,2.3,2.0,12.8
17660,2016,regular,Tomáš Satoranský,Shooting Guard,25,WAS,57,3,0.7,1.1,2.7
17665,2016,regular,Wayne Selden,Shooting Guard,22,TOT,14,5,0.9,1.3,5.1
17671,2016,regular,Pascal Siakam,Power Forward,22,TOR,55,38,0.6,2.0,4.2
17687,2016,regular,Diamond Stone,Center,19,LAC,7,0,0.3,0.7,1.4
17693,2016,regular,Isaiah Taylor,Point Guard,22,HOU,4,0,0.0,1.5,0.8
17706,2016,regular,Mike Tobey,Center,22,CHO,2,0,0.5,1.0,1.0
17718,2016,regular,Tyler Ulis,Point Guard,21,PHO,61,15,1.3,1.2,7.3
17719,2016,regular,Jarrod Uthoff,Power Forward,23,DAL,9,0,0.3,0.9,4.4
17721,2016,regular,Denzel Valentine,Shooting Guard,23,CHI,57,0,0.9,1.5,5.1
17722,2016,regular,Fred VanVleet,Point Guard,22,TOR,37,0,0.4,1.0,2.9
17733,2016,regular,Taurean Waller-Prince,Small Forward,22,ATL,59,10,1.0,1.6,5.7
17741,2016,regular,Okaro White,Power Forward,24,MIA,35,0,0.5,1.5,2.8
17742,2016,regular,Isaiah Whitehead,Point Guard,21,BRK,73,26,1.9,2.4,7.4
17758,2016,regular,Troy Williams,Small Forward,22,TOT,30,16,1.1,2.0,6.2
17761,2016,regular,Kyle Wiltjer,Power Forward,24,HOU,14,0,0.4,0.3,0.9
17774,2016,regular,Stephen Zimmerman,Center,20,ORL,19,0,0.2,0.9,1.2
17775,2016,regular,Paul Zipser,Small Forward,22,CHI,44,18,0.9,1.8,5.5
17776,2016,regular,Ivica Zubac,Center,19,LAL,38,11,0.8,1.7,7.5
17995,2017,regular,Bam Adebayo,Center,20,MIA,69,19,1.0,2.0,6.9
17999,2017,regular,Jarrett Allen,Center,19,BRK,72,31,1.1,2.0,8.2
18000,2017,regular,Kadeem Allen,Point Guard,25,BOS,18,1,0.5,0.8,1.1
18006,2017,regular,Ike Anigbogu,Center,19,IND,11,0,0.2,0.1,1.2
18009,2017,regular,OG Anunoby,Small Forward,20,TOR,74,62,0.6,1.8,5.9
18010,2017,regular,Ryan Arcidiacono,Point Guard,23,CHI,24,0,0.5,0.8,2.0
18013,2017,regular,Jamel Artis,Shooting Guard,25,ORL,15,1,0.5,0.7,5.1
18021,2017,regular,Dwayne Bacon,Shooting Guard,22,CHO,53,6,0.4,0.9,3.3
18024,2017,regular,Lonzo Ball,Point Guard,20,LAL,52,50,2.6,2.3,10.2
18038,2017,regular,Jordan Bell,Center,23,GSW,57,13,0.9,1.6,4.6
18043,2017,regular,Khem Birch,Center,25,ORL,42,0,0.5,1.3,4.2
18044,2017,regular,Jabari Bird,Shooting Guard,23,BOS,13,1,0.6,0.5,3.0
18048,2017,regular,Antonio Blakeney,Shooting Guard,21,CHI,19,0,0.6,1.0,7.9
18053,2017,regular,Bogdan Bogdanović,Shooting Guard,25,SAC,78,53,1.6,2.2,11.8
18062,2017,regular,Chris Boucher,Power Forward,25,GSW,1,0,0.0,0.0,0.0
18066,2017,regular,Tony Bradley,Center,20,UTA,9,0,0.0,0.1,0.9
18072,2017,regular,Dillon Brooks,Small Forward,22,MEM,82,74,1.5,2.8,11.0
18079,2017,regular,Sterling Brown,Shooting Guard,22,MIL,54,4,0.5,1.5,4.0
18081,2017,regular,Thomas Bryant,Center,20,LAL,15,0,0.1,0.4,1.5
18099,2017,regular,Alex Caruso,Point Guard,23,LAL,37,7,1.1,1.4,3.6
18102,2017,regular,Tyler Cavanaugh,Power Forward,23,ATL,39,1,0.4,1.6,4.7
18111,2017,regular,Gian Clavell,Shooting Guard,24,DAL,7,0,0.3,1.1,2.9
18112,2017,regular,Antonius Cleveland,Shooting Guard,23,TOT,17,0,0.4,1.4,1.4
18115,2017,regular,John Collins,Power Forward,20,ATL,74,26,1.4,2.9,10.5
18116,2017,regular,Zach Collins,Center,20,POR,66,1,0.9,2.0,4.4
18117,2017,regular,Kyle Collinsworth,Small Forward,26,DAL,32,2,0.8,1.4,3.2
18123,2017,regular,Charles Cooke,Shooting Guard,23,NOP,13,0,0.1,0.0,0.5
18125,2017,regular,Matt Costello,Center,24,SAS,4,0,0.3,1.8,1.0
18129,2017,regular,Torrey Craig,Small Forward,27,DEN,39,5,0.5,1.6,4.2
18152,2017,regular,Tyler Dorsey,Shooting Guard,21,ATL,56,5,0.7,1.1,7.2
18153,2017,regular,Damyean Dotson,Shooting Guard,23,NYK,44,2,0.4,0.8,4.1
18154,2017,regular,Milton Doyle,Shooting Guard,24,BRK,10,0,0.2,1.3,3.4
18155,2017,regular,PJ Dozier,Point Guard,21,OKC,2,0,0.5,0.5,1.0
18174,2017,regular,Jawun Evans,Point Guard,21,LAC,48,4,0.9,2.0,4.8
18185,2017,regular,Terrance Ferguson,Shooting Guard,19,OKC,61,12,0.2,1.4,3.1
18190,2017,regular,De'Aaron Fox,Point Guard,20,SAC,73,60,2.4,2.2,11.6
18195,2017,regular,Markelle Fultz,Shooting Guard,19,PHI,14,0,1.2,1.6,7.1
18213,2017,regular,Josh Gray,Point Guard,24,PHO,5,0,1.4,1.6,6.4
18222,2017,regular,Daniel Hamilton,Shooting Guard,22,OKC,6,0,0.3,0.3,2.0
18237,2017,regular,Shaquille Harrison,Point Guard,24,PHO,23,2,1.0,1.8,6.6
18238,2017,regular,Josh Hart,Shooting Guard,22,LAL,63,23,0.7,1.7,7.9
18240,2017,regular,Nigel Hayes,Small Forward,23,TOT,9,0,0.2,0.9,3.0
18245,2017,regular,Reggie Hearn,Shooting Guard,26,DET,3,0,0.0,0.0,1.0
18246,2017,regular,Myke Henry,Small Forward,25,MEM,20,0,1.0,1.4,5.4
18253,2017,regular,Isaiah Hicks,Power Forward,23,NYK,18,0,0.9,2.5,4.4
18275,2017,regular,Vince Hunter,Power Forward,23,MEM,4,0,0.3,0.0,1.5
18282,2017,regular,Andre Ingram,Shooting Guard,32,LAL,2,0,1.5,1.5,12.0
18285,2017,regular,Jonathan Isaac,Power Forward,20,ORL,27,10,1.0,1.8,5.4
18286,2017,regular,Wesley Iwundu,Small Forward,23,ORL,62,12,0.5,1.3,3.7
18288,2017,regular,Aaron Jackson,Point Guard,31,HOU,1,0,1.0,4.0,8.0
18292,2017,regular,Josh Jackson,Small Forward,20,PHO,77,35,1.9,2.8,13.1
18293,2017,regular,Justin Jackson,Small Forward,22,SAC,68,41,0.6,1.2,6.7
18307,2017,regular,Dakari Johnson,Center,22,OKC,31,6,0.1,0.9,1.8
18312,2017,regular,Omari Johnson,Power Forward,28,MEM,4,0,0.8,1.5,5.5
18321,2017,regular,Jalen Jones,Small Forward,24,TOT,16,0,0.4,1.4,4.6
18329,2017,regular,Luke Kennard,Shooting Guard,21,DET,73,9,0.9,1.2,7.6
18336,2017,regular,Maxi Kleber,Power Forward,26,DAL,72,36,0.4,1.6,5.4
18337,2017,regular,Furkan Korkmaz,Shooting Guard,20,PHI,14,0,0.1,0.9,1.6
18338,2017,regular,Luke Kornet,Power Forward,22,NYK,20,1,0.6,1.4,6.7
18341,2017,regular,Kyle Kuzma,Power Forward,22,LAL,77,37,1.8,2.1,16.1
18349,2017,regular,T.J. Leaf,Power Forward,20,IND,53,0,0.2,0.8,2.9
18351,2017,regular,Damion Lee,Shooting Guard,25,ATL,15,11,0.9,1.7,10.7
18352,2017,regular,Walt Lemon,Point Guard,25,NOP,5,0,0.8,1.0,3.4
18370,2017,regular,Tyler Lydon,Power Forward,21,DEN,1,0,0.0,0.0,0.0
18373,2017,regular,Josh Magette,Point Guard,28,ATL,18,0,0.5,0.9,2.6
18379,2017,regular,Lauri Markkanen,Power Forward,20,CHI,68,68,1.2,1.5,15.2
18381,2017,regular,Frank Mason,Point Guard,23,SAC,52,2,1.3,1.4,7.9
18382,2017,regular,Mangok Mathiang,Center,25,CHO,4,0,0.0,1.3,2.0
18389,2017,regular,Erik McCree,Small Forward,24,UTA,4,0,0.3,0.0,0.0
18396,2017,regular,Trey McKinney-Jones,Shooting Guard,27,IND,1,0,0.0,0.0,0.0
18397,2017,regular,Alfonzo McKinnie,Small Forward,25,TOR,14,0,0.2,0.6,1.5
18406,2017,regular,Malcolm Miller,Small Forward,24,TOR,15,4,0.3,0.7,2.5
18412,2017,regular,Donovan Mitchell,Shooting Guard,21,UTA,79,71,2.7,2.7,20.5
18413,2017,regular,Naz Mitrou-Long,Shooting Guard,24,UTA,1,0,0.0,0.0,3.0
18414,2017,regular,Malik Monk,Shooting Guard,19,CHO,63,0,0.8,1.0,6.7
18420,2017,regular,Ben Moore,Power Forward,22,IND,2,0,0.0,2.0,0.0
18423,2017,regular,Jaylen Morris,Shooting Guard,22,ATL,6,0,1.0,0.3,4.7
18426,2017,regular,Monte Morris,Point Guard,22,DEN,3,0,0.3,0.3,3.3
18427,2017,regular,Johnathan Motley,Power Forward,22,DAL,11,4,0.8,1.6,8.7
18439,2017,regular,Abdel Nader,Small Forward,24,BOS,48,1,0.7,0.9,3.0
18453,2017,regular,Frank Ntilikina,Point Guard,19,NYK,78,9,1.7,2.3,5.9
18457,2017,regular,Royce O'Neale,Small Forward,24,UTA,69,4,0.8,1.5,5.0
18459,2017,regular,Semi Ojeleye,Power Forward,23,BOS,73,0,0.3,1.2,2.7
18467,2017,regular,Cedi Osman,Small Forward,22,CLE,61,12,0.5,1.3,3.9
18470,2017,regular,Marcus Paige,Point Guard,24,CHO,5,0,0.0,0.0,2.4
18478,2017,regular,Justin Patton,Center,20,MIN,1,0,0.0,1.0,2.0
18479,2017,regular,Brandon Paul,Shooting Guard,26,SAS,64,2,0.5,0.9,2.3
18490,2017,regular,London Perrantes,Point Guard,23,CLE,14,0,0.1,0.4,0.5
18491,2017,regular,Alec Peters,Power Forward,22,PHO,20,0,0.2,0.7,4.1
18503,2017,regular,Jacob Pullen,Point Guard,28,PHI,3,0,0.3,0.0,0.7
18504,2017,regular,Rodney Purvis,Shooting Guard,23,ORL,16,2,0.6,1.6,6.0
18505,2017,regular,Zhou Qi,Center,22,HOU,18,0,0.6,0.8,1.2
18507,2017,regular,Ivan Rabb,Power Forward,20,MEM,36,5,1.0,1.5,5.6
18510,2017,regular,Xavier Rathan-Mayes,Shooting Guard,23,MEM,5,0,2.2,3.6,5.8
18512,2017,regular,Davon Reed,Shooting Guard,22,PHO,21,1,0.5,0.8,3.0
18522,2017,regular,Devin Robinson,Small Forward,22,WAS,1,0,0.0,2.0,2.0
18546,2017,regular,Ben Simmons,Point Guard,21,PHI,81,81,3.4,2.6,15.8
18548,2017,regular,Kobi Simmons,Point Guard,20,MEM,32,12,1.4,1.9,6.1
18551,2017,regular,Dennis Smith,Point Guard,20,DAL,69,69,2.8,2.2,15.2
18564,2017,regular,Edmond Sumner,Point Guard,22,IND,1,0,0.0,1.0,2.0
18565,2017,regular,Caleb Swanigan,Power Forward,20,POR,27,3,0.7,1.4,2.3
18566,2017,regular,Jayson Tatum,Small Forward,19,BOS,80,80,1.4,2.1,13.9
18572,2017,regular,Miloš Teodosić,Point Guard,30,LAC,45,36,2.2,2.3,9.5
18574,2017,regular,Daniel Theis,Center,25,BOS,63,3,0.9,2.5,5.3
18581,2017,regular,Sindarius Thornwell,Shooting Guard,23,LAC,73,17,0.7,1.7,3.9
18606,2017,regular,Tyrone Wallace,Point Guard,23,LAC,30,19,1.5,2.8,9.7
18608,2017,regular,Derrick Walton,Point Guard,22,MIA,16,0,0.1,0.4,1.8
18609,2017,regular,Jameel Warney,Power Forward,24,DAL,3,0,0.3,0.7,5.7
18612,2017,regular,James Webb,Small Forward,24,BRK,10,0,0.4,1.0,1.6
18618,2017,regular,Andrew White,Small Forward,24,ATL,15,0,0.5,0.8,4.6
18619,2017,regular,Derrick White,Point Guard,23,SAS,17,0,0.4,0.5,3.2
18624,2017,regular,Jacob Wiley,Power Forward,23,BRK,5,0,0.0,0.8,0.8
18627,2017,regular,C.J. Williams,Shooting Guard,27,LAC,38,17,0.5,1.7,5.5
18631,2017,regular,Matt Williams,Shooting Guard,24,MIA,3,0,0.3,0.3,1.7
18635,2017,regular,D.J. Wilson,Power Forward,21,MIL,22,0,0.2,0.3,1.0
18636,2017,regular,Jamil Wilson,Small Forward,27,LAC,15,10,0.5,2.3,7.0
18644,2017,regular,Guerschon Yabusele,Power Forward,22,BOS,33,4,0.4,0.7,2.4
18654,2017,regular,Ante Žižić,Center,21,CLE,32,2,0.3,0.9,3.7
18868,2018,regular,Jaylen Adams,Point Guard,22,ATL,34,1,0.8,1.3,3.2
18871,2018,regular,Deng Adel,Small Forward,21,CLE,19,3,0.3,0.7,1.7
18872,2018,regular,DeVaughn Akoon-Purcell,Shooting Guard,25,DEN,7,0,0.3,0.6,1.0
18874,2018,regular,Rawle Alkins,Shooting Guard,21,CHI,10,1,0.8,0.7,3.7
18875,2018,regular,Grayson Allen,Shooting Guard,23,UTA,38,2,0.9,1.2,5.6
18886,2018,regular,Kostas Antetokounmpo,Power Forward,21,DAL,2,0,0.5,0.0,1.0
18894,2018,regular,Deandre Ayton,Center,20,PHO,71,70,1.8,2.9,16.3
18896,2018,regular,Marvin Bagley,Power Forward,19,SAC,62,4,1.6,1.9,14.9
18902,2018,regular,Mo Bamba,Center,20,ORL,47,1,0.9,2.2,6.2
18908,2018,regular,Keita Bates-Diop,Small Forward,23,MIN,30,3,0.5,1.0,5.0
18920,2018,regular,Dairis Bertāns,Shooting Guard,29,NOP,12,0,0.2,0.6,2.8
18928,2018,regular,Jaron Blossomgame,Small Forward,25,CLE,27,4,0.4,0.7,4.2
18932,2018,regular,Jonah Bolden,Power Forward,23,PHI,44,10,0.8,2.3,4.7
18933,2018,regular,Isaac Bonga,Point Guard,19,LAL,22,0,0.3,0.4,0.9
18943,2018,regular,Mikal Bridges,Small Forward,22,PHO,82,56,0.9,2.5,8.3
18944,2018,regular,Miles Bridges,Small Forward,20,CHO,80,25,0.6,1.4,7.5
18945,2018,regular,Isaiah Briscoe,Point Guard,22,ORL,39,0,0.8,1.7,3.5
18946,2018,regular,Ryan Broekhoff,Shooting Guard,28,DAL,42,0,0.4,0.8,4.0
18950,2018,regular,Bruce Brown,Shooting Guard,22,DET,74,56,0.6,2.4,4.3
18954,2018,regular,Troy Brown,Small Forward,19,WAS,52,10,0.6,1.1,4.8
18955,2018,regular,Jalen Brunson,Point Guard,22,DAL,73,38,1.2,1.7,9.3
18967,2018,regular,Deonte Burton,Shooting Guard,25,OKC,32,0,0.3,1.0,2.6
18980,2018,regular,Jevon Carter,Point Guard,23,MEM,39,3,0.8,1.4,4.4
18982,2018,regular,Wendell Carter,Center,19,CHI,44,44,1.5,3.5,10.3
18989,2018,regular,Troy Caupain,Point Guard,23,ORL,4,0,0.0,0.0,2.5
18997,2018,regular,Joe Chealey,Point Guard,23,CHO,1,0,0.0,1.0,2.0
18998,2018,regular,Chris Chiozza,Point Guard,23,HOU,7,0,0.1,0.3,0.9
19002,2018,regular,Gary Clark,Power Forward,24,HOU,51,2,0.1,0.9,2.9
19008,2018,regular,Bonzie Colson,Small Forward,23,MIL,8,2,0.4,0.4,4.9
19019,2018,regular,Mitch Creek,Small Forward,26,TOT,5,0,0.2,0.6,4.2
19030,2018,regular,Tyler Davis,Center,21,OKC,1,0,0.0,0.0,0.0
19035,2018,regular,Ángel Delgado,Center,24,LAC,2,0,0.0,1.0,1.5
19041,2018,regular,Marcus Derrickson,Power Forward,22,GSW,11,0,0.3,0.8,4.2
19043,2018,regular,Hamidou Diallo,Shooting Guard,20,OKC,51,3,0.5,1.5,3.7
19046,2018,regular,Donte DiVincenzo,Shooting Guard,22,MIL,27,0,0.7,1.4,4.9
19047,2018,regular,Luka Dončić,Shooting Guard,19,DAL,72,72,3.4,1.9,21.2
19058,2018,regular,Trevon Duval,Point Guard,20,MIL,3,0,0.0,0.0,1.7
19059,2018,regular,Vince Edwards,Small Forward,22,HOU,2,0,0.0,0.0,1.5
19070,2018,regular,Drew Eubanks,Power Forward,21,SAS,23,0,0.3,0.5,1.8
19071,2018,regular,Jacob Evans,Shooting Guard,21,GSW,30,1,0.4,0.9,1.3
19089,2018,regular,Melvin Frazier,Shooting Guard,22,ORL,10,0,0.1,0.6,1.5
19098,2018,regular,Billy Garrett,Shooting Guard,24,NYK,4,0,0.5,0.8,6.5
19108,2018,regular,Harry Giles,Power Forward,20,SAC,58,0,1.3,2.6,7.0
19109,2018,regular,Shai Gilgeous-Alexander,Point Guard,20,LAC,82,73,1.7,2.1,10.8
19111,2018,regular,Brandon Goodwin,Point Guard,23,DEN,16,0,0.2,0.4,1.4
19115,2018,regular,Devonte' Graham,Point Guard,23,CHO,46,3,0.7,1.0,4.7
19119,2018,regular,Donte Grantham,Small Forward,23,OKC,3,0,0.0,0.0,0.0
19129,2018,regular,Dusty Hannahs,Shooting Guard,25,MEM,2,0,0.5,0.5,4.0
19148,2018,regular,Isaiah Hartenstein,Power Forward,20,HOU,28,0,0.5,2.0,1.9
19157,2018,regular,Haywood Highsmith,Small Forward,22,PHI,5,0,0.2,0.2,1.8
19163,2018,regular,Aaron Holiday,Point Guard,22,IND,50,0,0.8,1.4,5.9
19177,2018,regular,Kevin Huerter,Shooting Guard,20,ATL,75,59,1.5,2.1,9.7
19178,2018,regular,Isaac Humphries,Center,21,ATL,5,1,0.0,1.4,3.0
19180,2018,regular,Chandler Hutchison,Small Forward,22,CHI,44,14,0.6,1.3,5.2
19191,2018,regular,Frank Jackson,Point Guard,20,NOP,61,16,0.8,1.5,8.1
19199,2018,regular,Amile Jefferson,Power Forward,25,ORL,12,0,0.1,0.7,2.3
19204,2018,regular,Alize Johnson,Power Forward,22,IND,14,0,0.0,0.5,0.9
19206,2018,regular,B.J. Johnson,Small Forward,23,TOT,7,0,0.3,0.6,3.3
19223,2018,regular,Jemerrio Jones,Small Forward,23,LAL,6,2,0.8,1.7,4.5
19236,2018,regular,George King,Small Forward,25,PHO,1,0,0.0,0.0,0.0
19241,2018,regular,Kevin Knox,Power Forward,19,NYK,75,57,1.5,2.3,12.8
19248,2018,regular,Rodions Kurucs,Small Forward,20,BRK,63,46,1.2,2.3,8.5
19272,2018,regular,Zach Lofton,Shooting Guard,26,DET,1,0,1.0,0.0,0.0
19278,2018,regular,Jordan Loyd,Point Guard,25,TOR,12,0,0.2,0.4,2.4
19289,2018,regular,Daryl Macon,Shooting Guard,23,DAL,8,0,0.8,1.0,3.6
19290,2018,regular,J.P. Macura,Shooting Guard,23,CHO,2,0,0.0,0.0,3.0
19301,2018,regular,Yante Maten,Power Forward,22,MIA,2,0,0.0,0.0,1.0
19307,2018,regular,Tahjere McCall,Shooting Guard,24,BRK,1,0,0.0,2.0,4.0
19321,2018,regular,De'Anthony Melton,Point Guard,20,PHO,50,31,1.5,2.3,5.0
19322,2018,regular,Chimezie Metu,Power Forward,21,SAS,29,0,0.5,0.5,1.8
19331,2018,regular,Shake Milton,Shooting Guard,22,PHI,20,0,0.3,1.5,4.4
19356,2018,regular,Džanan Musa,Shooting Guard,19,BRK,9,0,0.4,0.1,2.1
19360,2018,regular,Sviatoslav Mykhailiuk,Small Forward,21,TOT,42,0,0.5,0.6,3.2
19381,2018,regular,Élie Okobo,Point Guard,21,PHO,53,16,1.3,2.1,5.7
19382,2018,regular,Josh Okogie,Shooting Guard,20,MIN,74,52,0.9,2.2,7.7
19403,2018,regular,Theo Pinson,Shooting Guard,23,BRK,18,0,1.0,0.8,4.5
19423,2018,regular,Cameron Reynolds,Shooting Guard,23,MIN,19,0,0.3,1.4,5.0
19430,2018,regular,Duncan Robinson,Power Forward,24,MIA,15,1,0.3,0.7,3.3
19432,2018,regular,Jerome Robinson,Shooting Guard,21,LAC,33,0,0.4,1.4,3.4
19433,2018,regular,Mitchell Robinson,Center,20,NYK,66,19,0.5,3.3,7.3
19441,2018,regular,Brandon Sampson,Shooting Guard,21,CHI,14,2,0.9,1.4,5.1
19455,2018,regular,Collin Sexton,Point Guard,20,CLE,82,72,2.3,2.3,16.7
19456,2018,regular,Landry Shamet,Shooting Guard,21,TOT,79,27,0.6,2.0,9.1
19463,2018,regular,Jordan Sibert,Shooting Guard,26,ATL,1,0,0.0,0.0,3.0
19469,2018,regular,Anfernee Simons,Shooting Guard,19,POR,20,1,0.6,0.5,3.8
19480,2018,regular,Zhaire Smith,Shooting Guard,19,PHI,6,2,1.0,1.3,6.7
19482,2018,regular,Ray Spalding,Power Forward,21,TOT,14,3,0.6,1.6,3.9
19485,2018,regular,Omari Spellman,Power Forward,21,ATL,46,11,0.7,1.5,5.9
19501,2018,regular,Jared Terrell,Shooting Guard,23,MIN,14,0,0.7,1.1,2.2
19502,2018,regular,Emanuel Terry,Power Forward,22,TOT,3,0,0.7,1.3,3.3
19507,2018,regular,Khyri Thomas,Shooting Guard,22,DET,26,0,0.2,0.8,2.3
19515,2018,regular,Allonzo Trier,Shooting Guard,23,NYK,64,3,1.8,1.8,10.9
19524,2018,regular,Jarred Vanderbilt,Power Forward,19,DEN,17,0,0.5,0.5,1.4
19529,2018,regular,Moritz Wagner,Center,21,LAL,43,5,0.9,1.3,4.8
19532,2018,regular,Lonnie Walker,Shooting Guard,20,SAS,17,0,0.2,0.4,2.6
19536,2018,regular,Brad Wanamaker,Point Guard,29,BOS,36,0,0.5,0.9,3.9
19538,2018,regular,Julian Washburn,Small Forward,27,MEM,18,3,0.4,0.9,2.2
19539,2018,regular,Yuta Watanabe,Small Forward,24,MEM,15,0,0.4,0.7,2.6
19540,2018,regular,Thomas Welsh,Center,22,DEN,11,0,0.1,0.3,1.6
19548,2018,regular,Johnathan Williams,Center,23,LAL,24,0,0.7,2.6,6.5
19549,2018,regular,Kenrich Williams,Small Forward,24,NOP,46,29,0.8,2.1,6.1
19552,2018,regular,Robert Williams,Center,21,BOS,32,2,0.3,1.1,2.5
19565,2018,regular,Trae Young,Point Guard,20,ATL,81,81,3.8,1.7,19.1
